CID dG0'f pH T I var 
C00001 -155.700 7.00 298.15 0.25 0 
C00002 -2293.700 7.00 298.15 0.25 0 
C00007 16.400 7.00 298.15 0.25 0 
C00008 -1423.900 7.00 298.15 0.25 0 
C00009 -1059.100 7.00 298.15 0.25 0 
C00011 -386.000 7.00 298.15 0.25 0 
C00013 -1942.800 7.00 298.15 0.25 0 
C00014 82.800 7.00 298.15 0.25 0 
C00020 -554.900 7.00 298.15 0.25 0 
C00022 -350.800 7.00 298.15 0.25 0 
C00023 0.000 7.00 298.15 0.25 0 
C00025 -372.400 7.00 298.15 0.25 0 
C00026 -633.700 7.00 298.15 0.25 0 
C00027 -52.500 7.00 298.15 0.25 0 
C00031 -427.000 7.00 298.15 0.25 0 
C00033 -247.900 7.00 298.15 0.25 0 
C00034 0.000 7.00 298.15 0.25 0 
C00036 -715.000 7.00 298.15 0.25 0 
C00037 -176.200 7.00 298.15 0.25 0 
C00041 -85.800 7.00 298.15 0.25 0 
C00042 -530.700 7.00 298.15 0.25 0 
C00048 -428.700 7.00 298.15 0.25 0 
C00049 -452.300 7.00 298.15 0.25 0 
C00058 -311.100 7.00 298.15 0.25 0 
C00059 -747.800 7.00 298.15 0.25 0 
C00064 -120.600 7.00 298.15 0.25 0 
C00065 -225.700 7.00 298.15 0.25 0 
C00067 -40.000 7.00 298.15 0.25 0 
C00074 -1189.500 7.00 298.15 0.25 0 
C00078 374.200 7.00 298.15 0.25 0 
C00079 241.100 7.00 298.15 0.25 0 
C00080 0.000 0.00 298.15 0.00 0 
C00082 77.500 7.00 298.15 0.25 0 
C00084 24.000 7.00 298.15 0.25 0 
C00085 -1316.000 7.00 298.15 0.25 0 
C00086 -39.800 7.00 298.15 0.25 0 
C00088 -33.000 7.00 298.15 0.25 0 
C00087 0.000 7.00 298.15 0.25 0 
C00089 -668.300 7.00 298.15 0.25 0 
C00092 -1319.100 7.00 298.15 0.25 0 
C00093 -1077.200 7.00 298.15 0.25 0 
C00094 -488.000 7.00 298.15 0.25 0 
C00095 -426.600 7.00 298.15 0.25 0 
C00097 -53.700 7.00 298.15 0.25 0 
C00103 -1312.000 7.00 298.15 0.25 0 
C00111 -1095.900 7.00 298.15 0.25 0 
C00116 -171.500 7.00 298.15 0.25 0 
C00117 -1232.400 7.00 298.15 0.25 0 
C00118 -1088.200 7.00 298.15 0.25 0 
C00119 -2977.400 7.00 298.15 0.25 0 
C00121 -331.300 7.00 298.15 0.25 0 
C00122 -523.600 7.00 298.15 0.25 0 
C00123 177.400 7.00 298.15 0.25 0 
C00124 -420.000 7.00 298.15 0.25 0 
C00132 -12.300 7.00 298.15 0.25 0 
C00147 517.100 7.00 298.15 0.25 0 
C00149 -682.900 7.00 298.15 0.25 0 
C00152 -200.100 7.00 298.15 0.25 0 
C00158 -966.300 7.00 298.15 0.25 0 
C00159 -421.100 7.00 298.15 0.25 0 
C00160 -409.500 7.00 298.15 0.25 0 
C00164 -279.600 7.00 298.15 0.25 0 
C00181 -343.000 7.00 298.15 0.25 0 
C00183 89.500 7.00 298.15 0.25 0 
C00184 -206.500 7.00 298.15 0.25 0 
C00186 -313.800 7.00 298.15 0.25 0 
C00188 -162.200 7.00 298.15 0.25 0 
C00197 -1347.000 7.00 298.15 0.25 0 
C00198 -496.100 7.00 298.15 0.25 0 
C00199 -1232.000 7.00 298.15 0.25 0 
C00207 84.800 7.00 298.15 0.25 0 
C00208 -678.300 7.00 298.15 0.25 0 
C00209 -677.100 7.00 298.15 0.25 0 
C00212 335.100 7.00 298.15 0.25 0 
C00216 -334.800 7.00 298.15 0.25 0 
C00218 203.800 7.00 298.15 0.25 0 
C00224 -1056.300 7.00 298.15 0.25 0 
C00227 -1100.500 7.00 298.15 0.25 0 
C00233 -79.300 7.00 298.15 0.25 0 
C00236 -2206.200 7.00 298.15 0.25 0 
C00237 -119.900 7.00 298.15 0.25 0 
C00243 -671.000 7.00 298.15 0.25 0 
C00244 -109.500 7.00 298.15 0.25 0 
C00246 -68.200 7.00 298.15 0.25 0 
C00247 -423.000 7.00 298.15 0.25 0 
C00249 1002.900 7.00 298.15 0.25 0 
C00252 -691.300 7.00 298.15 0.25 0 
C00257 -680.900 7.00 298.15 0.25 0 
C00258 -458.100 7.00 298.15 0.25 0 
C00262 252.300 7.00 298.15 0.25 0 
C00275 -1315.000 7.00 298.15 0.25 0 
C00282 99.100 7.00 298.15 0.25 0 
C00283 51.500 7.00 298.15 0.25 0 
C00288 -547.000 7.00 298.15 0.25 0 
C00294 79.700 7.00 298.15 0.25 0 
C00300 107.500 7.00 298.15 0.25 0 
C00305 -458.500 7.00 298.15 0.25 0 
C00309 -328.500 7.00 298.15 0.25 0 
C00310 -338.700 7.00 298.15 0.25 0 
C00311 -959.600 7.00 298.15 0.25 0 
C00354 -2207.000 7.00 298.15 0.25 0 
C00366 -194.900 7.00 298.15 0.25 0 
C00379 -295.200 7.00 298.15 0.25 0 
C00392 -372.200 7.00 298.15 0.25 0 
C00407 185.800 7.00 298.15 0.25 0 
C00417 -802.200 7.00 298.15 0.25 0 
C00463 509.000 7.00 298.15 0.25 0 
C00469 62.800 7.00 298.15 0.25 0 
C00476 -341.700 7.00 298.15 0.25 0 
C00491 -177.700 7.00 298.15 0.25 0 
C00533 86.500 7.00 298.15 0.25 0 
C00543 321.800 7.00 298.15 0.25 0 
C00565 443.800 7.00 298.15 0.25 0 
C00575 -343.500 7.00 298.15 0.25 0 
C00577 -195.600 7.00 298.15 0.25 0 
C00620 -1224.300 7.00 298.15 0.25 0 
C00631 -1340.700 7.00 298.15 0.25 0 
C00636 -1309.700 7.00 298.15 0.25 0 
C00644 -1267.400 7.00 298.15 0.25 0 
C00673 -1084.600 7.00 298.15 0.25 0 
C00697 18.700 7.00 298.15 0.25 0 
C00791 261.900 7.00 298.15 0.25 0 
C00794 -375.900 7.00 298.15 0.25 0 
C00849 -11.700 7.00 298.15 0.25 0 
C00887 104.200 7.00 298.15 0.25 0 
C01005 -1119.800 7.00 298.15 0.25 0 
C01013 -315.500 7.00 298.15 0.25 0 
C01083 -686.400 7.00 298.15 0.25 0 
C01096 -1266.900 7.00 298.15 0.25 0 
C01112 -1235.000 7.00 298.15 0.25 0 
C01113 -1312.000 7.00 298.15 0.25 0 
C01127 -812.000 7.00 298.15 0.25 0 
C01236 -1382.800 7.00 298.15 0.25 0 
C01326 160.300 7.00 298.15 0.25 0 
C01353 -546.800 7.00 298.15 0.25 0 
C01384 -513.800 7.00 298.15 0.25 0 
C01412 196.100 7.00 298.15 0.25 0 
C01417 -98.200 7.00 298.15 0.25 0 
C01438 128.600 7.00 298.15 0.25 0 
C01507 -374.300 7.00 298.15 0.25 0 
C01755 91.800 7.00 298.15 0.25 0 
C01845 140.700 7.00 298.15 0.25 0 
C02037 -194.600 7.00 298.15 0.25 0 
C02226 -441.000 7.00 298.15 0.25 0 
C02271 15.400 7.00 298.15 0.25 0 
C02357 -75.700 7.00 298.15 0.25 0 
C02359 -236.500 7.00 298.15 0.25 0 
C02364 -231.000 7.00 298.15 0.25 0 
C02370 -77.300 7.00 298.15 0.25 0 
C02371 -226.000 7.00 298.15 0.25 0 
C02612 -602.700 7.00 298.15 0.25 0 
C03196 -599.000 7.00 298.15 0.25 0 
C03232 -1374.500 7.00 298.15 0.25 0 
C03383 -497.900 7.00 298.15 0.25 0 
C03384 -1311.800 7.00 298.15 0.25 0 
C05361 290.900 7.00 298.15 0.25 0 
C05572 -352.200 7.00 298.15 0.25 0 
C05979 150.100 7.00 298.15 0.25 0 
C05984 -221.900 7.00 298.15 0.25 0 
C06142 235.600 7.00 298.15 0.25 0 
C06547 244.400 7.00 298.15 0.25 0 
C06670 -155.000 7.00 298.15 0.25 0 
C06752 90.000 7.00 298.15 0.25 0 
C06789 27.600 7.00 298.15 0.25 0 
C06790 66.200 7.00 298.15 0.25 0 
C06791 113.500 7.00 298.15 0.25 0 
C06792 109.300 7.00 298.15 0.25 0 
C06793 181.900 7.00 298.15 0.25 0 
C07561 -45.100 7.00 298.15 0.25 0 
C09306 -300.700 7.00 298.15 0.25 0 
C13827 -25.800 7.00 298.15 0.25 0 
C14039 113.700 7.00 298.15 0.25 0 
C14400 103.200 7.00 298.15 0.25 0 
C14705 3.700 7.00 298.15 0.25 0 
C14818 -82.100 7.00 298.15 0.25 0 
C14819 -11.900 7.00 298.15 0.25 0 
C18246 53.200 7.00 298.15 0.25 0 
C18247 94.300 7.00 298.15 0.25 0 
C18248 166.900 7.00 298.15 0.25 0 
C19034 164.600 7.00 298.15 0.25 0 
C19248 -49.600 7.00 298.15 0.25 0 
C19496 -27.500 7.00 298.15 0.25 0 
C19536 44.600 7.00 298.15 0.25 0 
C80002 306.000 7.00 298.15 0.25 0 
C80003 247.300 7.00 298.15 0.25 0 
C80004 244.800 7.00 298.15 0.25 0 
C80005 241.300 7.00 298.15 0.25 0 
C80006 193.900 7.00 298.15 0.25 0 
C80007 182.700 7.00 298.15 0.25 0 
C80008 179.000 7.00 298.15 0.25 0 
C80009 137.300 7.00 298.15 0.25 0 
C80010 130.700 7.00 298.15 0.25 0 
C80011 135.000 7.00 298.15 0.25 0 
C80012 86.400 7.00 298.15 0.25 0 
C80013 46.000 7.00 298.15 0.25 0 
C80014 -83.800 7.00 298.15 0.25 0 
C80015 -148.300 7.00 298.15 0.25 0 
C80016 -157.300 7.00 298.15 0.25 0 
C80017 -141.200 7.00 298.15 0.25 0 
C80018 -142.800 7.00 298.15 0.25 0 
C80019 -152.100 7.00 298.15 0.25 0 
C80020 -212.700 7.00 298.15 0.25 0 
C80021 -200.900 7.00 298.15 0.25 0 
C80022 -47.300 7.00 298.15 0.25 0 
C80023 -40.800 7.00 298.15 0.25 0 
C80024 -34.100 7.00 298.15 0.25 0 
C80025 15.700 7.00 298.15 0.25 0 
C80026 18.100 7.00 298.15 0.25 0 
C80027 20.900 7.00 298.15 0.25 0 
C80028 -12.600 7.00 298.15 0.25 0 
C80029 -246.700 7.00 298.15 0.25 0 
C80030 6.600 7.00 298.15 0.25 0 
C80043 69.500 7.00 298.15 0.25 0 
C80045 227.000 7.00 298.15 0.25 0 
C80046 -7.400 7.00 298.15 0.25 0 
C80047 318.600 7.00 298.15 0.25 0 
C80048 240.500 7.00 298.15 0.25 0 
C80049 164.100 7.00 298.15 0.25 0 
C80050 407.200 7.00 298.15 0.25 0 
C80051 334.900 7.00 298.15 0.25 0 
C80052 321.100 7.00 298.15 0.25 0 
C80053 498.200 7.00 298.15 0.25 0 
C80054 418.600 7.00 298.15 0.25 0 
C80055 444.000 7.00 298.15 0.25 0 