RID dG0'r pH T I 
R1 -7.449 7.30 310.15 NaN 
R1 -8.296 7.30 310.15 NaN 
R1 -9.012 7.30 310.15 NaN 
R1 -6.180 7.30 310.15 NaN 
R1 -8.296 7.30 310.15 NaN 
R1 -8.397 7.30 310.15 NaN 
R1 -8.766 7.30 310.15 NaN 
R1 -9.163 7.30 310.15 NaN 
R1 -6.802 7.30 310.15 NaN 
R1 -6.980 7.30 310.15 NaN 
R1 -7.589 7.30 310.15 NaN 
R1 -8.588 7.30 310.15 NaN 
R1 -5.193 7.30 310.15 NaN 
R1 -7.302 7.30 310.15 NaN 
R1 -9.163 7.30 310.15 NaN 
R2 -13.385 6.02 303.15 NaN 
R2 -15.276 6.00 303.15 NaN 
R2 -14.369 6.01 303.15 NaN 
R2 -13.699 5.94 303.15 NaN 
R2 -14.168 6.12 303.15 NaN 
R2 -12.689 6.04 303.15 NaN 
R2 -13.410 6.03 303.15 NaN 
R2 -12.431 5.99 303.15 NaN 
R2 -11.279 5.70 303.15 NaN 
R2 -13.859 6.03 303.15 NaN 
R2 -13.258 6.00 303.15 NaN 
R2 -13.610 6.00 303.15 NaN 
R2 -13.899 6.02 303.15 NaN 
R2 -14.248 6.34 303.15 NaN 
R2 -12.967 5.94 303.15 NaN 
R2 -14.402 6.00 303.15 NaN 
R2 -12.123 6.01 303.15 NaN 
R2 -16.189 6.00 303.15 NaN 
R2 -13.165 6.03 303.15 NaN 
R2 -13.610 5.94 303.15 NaN 
R2 -13.610 5.94 303.15 NaN 
R2 -14.318 6.07 303.15 NaN 
R2 -15.850 6.67 303.15 NaN 
R2 -13.518 6.03 303.15 NaN 
R2 -13.137 6.04 303.15 NaN 
R2 -14.800 6.08 303.15 NaN 
R2 -14.394 6.07 303.15 NaN 
R2 -14.008 6.03 303.15 NaN 
R2 -14.360 6.07 303.15 NaN 
R2 -12.987 8.86 298.15 NaN 
R3 -15.912 6.70 310.15 NaN 
R4 -15.912 6.70 310.15 NaN 
R4 -17.583 7.70 310.15 NaN 
R4 -15.383 6.70 310.15 NaN 
R4 -17.780 7.70 310.15 NaN 
R4 -15.858 6.70 310.15 NaN 
R4 -15.364 6.70 310.15 NaN 
R4 -12.623 6.80 303.15 NaN 
R5 -20.084 8.00 303.15 NaN 
R5 -13.369 7.00 311.15 0.25 
R3 18.266 7.00 273.15 NaN 
R6 13.145 7.00 313.15 NaN 
R6 10.972 7.00 333.15 NaN 
R6 16.596 7.00 293.15 NaN 
R6 17.529 7.00 293.15 NaN 
R6 18.667 7.00 293.15 NaN 
R6 18.284 7.00 293.15 NaN 
R6 19.385 7.00 293.15 NaN 
R6 19.385 7.00 293.15 NaN 
R6 19.843 7.00 293.15 NaN 
R6 18.619 7.00 333.15 NaN 
R6 19.250 7.00 293.15 NaN 
R6 18.468 7.00 293.15 NaN 
R6 16.596 7.00 293.15 NaN 
R6 16.008 7.00 293.15 NaN 
R6 16.172 7.00 313.15 NaN 
R6 15.591 7.00 313.15 NaN 
R6 14.355 7.00 333.15 NaN 
R6 13.299 7.00 333.15 NaN 
R6 2.303 8.00 298.40 NaN 
R6 3.033 7.50 303.15 NaN 
R6 1.032 7.40 310.15 NaN 
R6 10.628 7.00 311.15 0.25 
R6 -13.297 6.99 310.15 0.25 
R6 20.017 6.90 298.15 NaN 
R6 -7.992 7.00 311.15 0.25 
R6 13.177 7.24 298.15 NaN 
R6 17.891 9.00 278.15 NaN 
R6 13.158 9.00 313.15 NaN 
R6 15.631 9.00 298.15 NaN 
R6 4.188 6.00 313.15 NaN 
R7 -19.048 7.40 308.15 NaN 
R7 -1.515 5.90 310.15 NaN 
R8 6.772 7.30 298.15 NaN 
R7 20.098 7.60 298.15 NaN 
R9 -6.041 5.80 303.15 NaN 
R10 -7.547 6.60 303.15 NaN 
R11 1.274 7.30 310.15 NaN 
R12 19.071 7.00 266.15 NaN 
R13 15.840 7.00 293.15 NaN 
R6 12.023 7.00 333.15 NaN 
R6 10.884 7.00 343.15 NaN 
R6 18.413 7.00 273.15 NaN 
R14 10.760 6.50 298.15 0.10 
R15 -2.594 7.00 284.15 NaN 
R16 -2.722 7.00 298.15 NaN 
R17 -2.859 7.00 313.15 NaN 
R11 -2.726 7.00 308.15 NaN 
R18 -2.578 7.00 274.15 NaN 
R18 -2.625 7.00 279.15 NaN 
R19 15.304 7.70 303.15 NaN 
R6 1.992 6.70 300.15 NaN 
R6 16.971 7.00 295.65 NaN 
R6 -2.722 7.10 298.15 NaN 
R6 -4.521 8.20 298.15 NaN 
R6 17.891 9.00 278.15 NaN 
R20 13.158 9.00 313.15 NaN 
R21 15.631 9.00 298.15 NaN 
R21 -0.147 7.00 303.15 NaN 
R21 -0.239 7.00 323.15 NaN 
R21 -0.416 7.00 333.15 NaN 
R21 -0.200 7.00 313.15 NaN 
R21 8.831 7.60 300.15 NaN 
R22 2.721 7.25 288.15 NaN 
R8 1.272 7.25 288.15 NaN 
R22 1.436 7.25 288.15 NaN 
R23 0.070 7.25 288.15 NaN 
R24 0.314 7.25 288.15 NaN 
R6 -0.515 7.25 288.15 NaN 
R6 -0.572 7.25 288.15 NaN 
R6 -0.890 7.25 288.15 NaN 
R25 -0.314 7.25 288.15 NaN 
R25 0.475 7.25 288.15 NaN 
R25 0.875 7.25 288.15 NaN 
R25 2.576 7.25 288.15 NaN 
R22 1.854 7.25 288.15 NaN 
R8 1.768 7.25 288.15 NaN 
R8 1.854 7.25 288.15 NaN 
R8 1.944 7.25 288.15 NaN 
R8 1.813 7.25 288.15 NaN 
R8 1.944 7.25 288.15 NaN 
R8 2.066 7.25 288.15 NaN 
R8 1.561 7.25 288.15 NaN 
R8 1.944 7.25 288.15 NaN 
R8 1.575 7.25 288.15 NaN 
R8 2.500 7.25 288.15 NaN 
R8 -0.754 7.25 288.15 NaN 
R8 1.380 7.25 288.15 NaN 
R8 1.901 7.25 288.15 NaN 
R8 0.552 7.25 288.15 NaN 
R8 0.552 7.25 288.15 NaN 
R8 -0.823 7.25 288.15 NaN 
R8 2.298 7.25 288.15 NaN 
R8 1.575 7.25 288.15 NaN 
R8 1.156 7.25 288.15 NaN 
R8 1.854 7.25 288.15 NaN 
R8 2.751 7.25 288.15 NaN 
R8 1.798 7.25 288.15 NaN 
R8 1.743 7.25 288.15 NaN 
R8 15.840 7.00 293.15 NaN 
R8 12.023 7.00 333.15 NaN 
R8 10.884 7.00 343.15 NaN 
R8 19.071 7.00 266.15 NaN 
R8 18.413 7.00 273.15 NaN 
R8 -2.551 7.40 298.15 NaN 
R8 -13.796 8.40 298.15 0.29 
R8 8.831 7.60 300.15 NaN 
R8 -11.499 6.81 311.15 0.25 
R8 -11.265 6.83 311.15 0.25 
R8 -11.413 6.92 311.15 0.25 
R8 -11.876 6.94 311.15 0.25 
R8 -11.745 6.94 311.15 0.25 
R8 -11.447 6.94 311.15 0.25 
R8 -11.388 6.96 311.15 0.25 
R8 -11.487 6.98 311.15 0.25 
R8 -11.621 7.00 311.15 0.25 
R8 -11.378 7.01 311.15 0.25 
R6 -11.720 7.02 311.15 0.25 
R6 -11.894 7.03 311.15 0.25 
R6 -11.589 7.15 311.15 0.25 
R6 -11.813 7.19 311.15 0.25 
R6 -11.697 7.22 311.15 0.25 
R26 -11.807 7.23 311.15 0.25 
R27 -11.520 7.51 311.15 0.25 
R22 -11.777 7.00 311.15 0.25 
R28 -11.350 7.00 311.15 0.25 
R28 -11.681 7.00 311.15 0.25 
R28 -11.603 7.00 311.15 0.25 
R28 -11.603 7.00 311.15 0.25 
R28 -11.444 7.00 311.15 0.25 
R28 -11.228 7.00 311.15 0.25 
R28 -11.481 7.00 311.15 0.25 
R28 -11.111 7.00 311.15 0.25 
R28 -11.094 7.00 311.15 0.25 
R28 -11.984 7.00 311.15 0.07 
R28 -12.200 7.00 311.15 0.07 
R28 -10.967 7.00 311.15 0.50 
R28 -11.478 7.00 311.15 0.50 
R28 -10.906 7.00 311.15 0.75 
R28 -10.910 7.00 311.15 0.75 
R28 -11.580 6.98 311.15 0.25 
R28 -11.317 7.00 311.15 0.25 
R28 -11.520 7.00 311.15 0.25 
R28 -10.753 7.00 311.15 0.75 
R28 -11.907 6.92 311.15 0.25 
R28 -11.933 6.98 311.15 0.25 
R28 -11.623 7.15 311.15 0.25 
R28 -11.594 7.53 311.15 0.25 
R28 -11.594 7.00 311.15 0.25 
R28 -11.594 7.00 311.15 0.25 
R28 -11.933 7.00 311.15 0.07 
R28 -11.125 7.00 311.15 0.50 
R28 -10.813 7.00 311.15 0.75 
R28 -11.736 7.17 311.15 0.25 
R28 -11.731 7.00 311.15 0.25 
R28 -11.160 7.00 311.15 0.25 
R28 -12.154 7.00 311.15 0.07 
R28 -11.655 6.94 311.15 0.25 
R28 -11.469 7.01 311.15 0.25 
R28 -11.150 7.00 311.15 0.50 
R28 -11.568 6.91 311.15 0.25 
R28 -3.585 8.00 298.15 NaN 
R28 -9.837 7.00 298.15 NaN 
R28 -1.954 8.00 298.15 NaN 
R28 3.033 8.60 303.15 NaN 
R28 1.032 7.50 310.15 NaN 
R28 -4.148 6.80 310.15 NaN 
R28 3.584 7.40 311.15 NaN 
R28 2.870 8.00 303.15 NaN 
R28 -8.191 6.50 310.15 NaN 
R28 -10.786 7.40 311.15 0.25 
R28 -6.136 7.40 298.15 NaN 
R28 9.900 7.00 312.15 NaN 
R28 11.563 7.00 302.15 NaN 
R28 -12.938 8.00 303.15 NaN 
R28 8.428 7.10 310.15 NaN 
R28 -0.217 7.40 303.15 NaN 
R28 -2.190 7.19 298.15 0.31 
R28 11.506 7.00 298.15 0.10 
R24 9.984 7.50 303.15 NaN 
R29 -4.919 6.80 278.15 NaN 
R19 -4.482 6.80 288.15 NaN 
R7 -4.037 6.80 298.15 NaN 
R7 -3.452 6.80 311.15 NaN 
R26 -2.017 6.80 327.15 NaN 
R30 24.002 7.10 311.15 NaN 
R7 11.869 8.40 310.15 NaN 
R31 -4.312 5.80 311.15 NaN 
R32 5.267 7.40 310.65 NaN 
R26 0.746 7.00 298.15 NaN 
R33 -0.387 7.00 333.15 NaN 
R33 -0.748 7.00 343.15 NaN 
R34 0.217 7.00 313.15 NaN 
R9 -12.948 7.00 310.15 NaN 
R8 15.597 7.00 311.15 NaN 
R35 15.656 7.00 303.15 NaN 
R36 15.117 7.00 313.15 NaN 
R9 12.485 7.00 333.15 NaN 
R24 -8.424 7.00 311.15 0.25 
R24 20.890 8.30 295.15 NaN 
R24 7.629 7.40 298.15 NaN 
R24 0.919 7.30 310.15 NaN 
R24 -1.021 7.40 303.15 NaN 
R37 0.482 7.00 311.15 0.25 
R38 -4.596 5.15 303.15 NaN 
R10 -4.514 5.43 303.15 NaN 
R30 -4.829 6.10 303.15 NaN 
R25 -4.428 6.65 303.15 NaN 
R25 -4.514 4.60 303.15 NaN 
R25 -4.754 5.01 303.15 NaN 
R25 -4.637 5.70 303.15 NaN 
R39 -7.787 7.60 303.15 NaN 
R6 -12.115 6.99 310.15 0.25 
R6 0.531 7.40 303.15 NaN 
R6 0.056 7.00 333.15 NaN 
R6 -0.083 7.00 338.15 NaN 
R40 -0.374 7.00 343.15 NaN 
R13 -0.575 7.00 348.15 NaN 
R41 -0.966 7.00 353.15 NaN 
R19 2.870 8.00 303.15 0.10 
R16 4.907 8.40 298.15 0.10 
R42 5.192 8.40 298.15 0.10 
R26 5.740 8.40 298.15 0.10 
R26 6.454 8.40 298.15 0.10 
R26 9.479 8.40 298.15 0.10 
R26 10.261 8.40 298.15 0.10 
R26 9.981 8.40 298.15 0.10 
R26 9.130 8.40 298.15 0.10 
R26 7.004 8.40 298.15 0.10 
R12 9.210 8.40 298.15 0.10 
R43 9.899 8.40 298.15 0.10 
R8 8.746 8.40 298.15 0.10 
R25 6.811 8.40 298.15 0.10 
R25 7.645 8.40 298.15 0.10 
R25 7.796 8.40 298.15 0.10 
R25 10.009 8.40 298.15 0.10 
R25 5.295 8.40 298.15 0.10 
R7 6.708 8.40 298.15 0.10 
R44 8.236 6.50 298.15 NaN 
R44 7.472 6.80 298.15 NaN 
R44 8.772 6.20 298.15 NaN 
R44 6.772 7.00 298.15 NaN 
R44 5.337 7.30 298.15 NaN 
R44 3.244 7.70 298.15 NaN 
R44 -0.166 6.85 343.15 NaN 
R44 -0.279 6.85 352.65 NaN 
R44 -0.055 6.85 333.15 NaN 
R44 -12.091 6.99 310.15 0.25 
R44 -12.115 6.99 310.15 0.25 
R44 -11.687 5.65 292.25 NaN 
R44 -12.233 5.65 310.25 NaN 
R44 -11.841 5.65 298.15 NaN 
R44 -11.435 5.65 286.45 NaN 
R44 -12.074 5.65 304.55 NaN 
R44 0.052 6.91 310.15 0.25 
R44 0.047 6.90 310.15 0.25 
R17 0.094 6.89 310.15 0.25 
R17 0.143 6.98 310.15 0.25 
R17 0.190 6.97 310.15 0.25 
R17 0.274 6.99 310.15 0.25 
R17 -0.150 6.99 310.15 0.25 
R17 0.443 6.99 310.15 0.25 
R25 2.494 6.99 310.15 0.25 
R25 -0.036 6.99 310.15 0.25 
R25 0.049 6.97 310.15 0.25 
R43 -0.111 6.99 310.15 0.25 
R43 0.890 6.99 310.15 0.25 
R45 1.440 6.99 310.15 0.25 
R45 0.044 6.91 310.15 0.25 
R45 0.356 6.98 310.15 0.25 
R45 22.642 8.80 282.15 NaN 
R45 19.317 8.80 296.15 NaN 
R8 19.678 8.80 313.15 NaN 
R8 18.647 8.80 303.15 NaN 
R8 1.678 7.40 298.15 0.27 
R8 2.552 7.40 298.15 0.29 
R8 3.609 7.40 298.15 0.40 
R8 3.914 7.40 298.15 0.54 
R8 4.167 7.40 298.15 0.54 
R8 4.819 7.40 298.15 0.75 
R8 5.192 7.40 298.15 1.65 
R8 5.424 7.40 298.15 3.15 
R8 2.167 8.40 298.15 0.22 
R8 1.897 8.40 298.15 0.21 
R8 1.767 6.40 298.15 0.30 
R8 1.644 6.40 298.15 0.31 
R8 0.670 6.40 298.15 0.28 
R8 0.989 6.40 298.15 0.29 
R37 0.852 6.40 298.15 0.29 
R37 2.097 6.40 298.15 0.34 
R37 1.929 6.40 298.15 0.34 
R37 3.050 6.40 298.15 0.48 
R8 3.988 6.40 298.15 0.78 
R8 1.522 7.40 298.15 0.29 
R8 1.022 7.40 298.15 0.28 
R8 1.022 7.40 298.15 0.28 
R8 0.743 7.40 298.15 0.27 
R8 0.797 7.40 298.15 0.27 
R8 0.686 7.40 298.15 0.27 
R8 1.897 8.40 298.15 0.21 
R8 1.401 8.40 298.15 0.19 
R8 0.651 8.40 298.15 0.18 
R8 3.208 8.40 298.15 0.22 
R8 4.434 8.40 298.15 0.65 
R8 1.133 7.40 298.15 0.28 
R8 1.536 7.40 298.15 0.28 
R8 0.763 7.40 298.15 0.26 
R8 2.717 7.40 298.15 0.28 
R8 1.850 7.40 298.15 0.16 
R8 1.778 7.40 298.15 0.11 
R8 3.328 7.40 298.15 0.16 
R8 3.041 7.40 298.15 0.17 
R8 -1.070 7.40 298.15 0.01 
R8 -0.851 7.40 298.15 0.01 
R8 -1.180 7.40 298.15 0.01 
R8 -0.553 7.40 298.15 0.01 
R8 -0.553 7.40 298.15 0.01 
R8 0.453 7.40 298.15 0.09 
R8 1.003 7.40 298.15 0.09 
R8 0.612 7.40 298.15 0.09 
R8 1.428 7.40 298.15 NaN 
R8 1.441 7.40 298.15 NaN 
R8 1.803 7.40 298.15 NaN 
R8 1.668 7.40 298.15 0.59 
R8 1.767 7.40 298.15 0.59 
R8 1.003 7.40 298.15 0.45 
R8 1.086 7.40 298.15 0.46 
R8 2.808 7.40 298.15 0.47 
R8 4.221 7.40 298.15 0.70 
R8 3.093 7.40 298.15 0.72 
R8 1.286 6.40 298.15 0.29 
R8 3.751 6.40 298.15 0.78 
R8 1.693 7.40 298.15 0.27 
R8 5.233 7.40 298.15 1.65 
R8 -1.102 7.40 298.15 0.01 
R8 1.241 7.40 298.15 NaN 
R8 2.878 7.40 298.15 0.47 
R8 2.878 7.40 298.15 0.47 
R8 1.678 7.40 298.15 1.67 
R8 3.347 6.40 298.15 0.48 
R8 4.784 7.40 298.15 0.75 
R8 0.345 7.40 298.15 0.26 
R8 -1.344 7.40 298.15 0.01 
R8 0.632 7.40 298.15 0.09 
R8 2.615 7.40 298.15 0.29 
R8 5.491 7.40 298.15 3.15 
R8 3.290 8.40 298.15 0.22 
R8 2.012 7.40 298.15 0.17 
R8 -1.149 7.40 298.15 0.01 
R8 1.371 7.40 298.15 NaN 
R8 0.870 8.40 298.15 0.18 
R8 1.654 6.40 298.15 0.30 
R8 1.486 7.40 298.15 0.28 
R8 2.777 7.40 298.15 0.28 
R8 0.686 6.40 298.15 0.28 
R8 1.037 7.40 298.15 0.28 
R8 3.609 7.40 298.15 0.40 
R8 2.108 8.40 298.15 0.23 
R8 2.108 8.40 298.15 0.23 
R8 4.651 8.40 298.15 0.65 
R8 1.086 7.40 298.15 0.13 
R8 -0.707 7.40 298.15 0.01 
R8 1.793 7.40 298.15 NaN 
R8 1.592 7.40 298.15 1.55 
R8 1.536 8.40 298.15 0.19 
R8 0.686 7.40 298.15 0.26 
R8 -6.115 7.40 298.15 NaN 
R8 1.481 7.40 298.15 NaN 
R8 23.841 6.70 311.15 NaN 
R8 25.314 6.70 311.15 NaN 
R8 -4.657 7.40 298.15 NaN 
R8 -5.754 8.00 298.15 NaN 
R8 1.307 7.80 298.15 NaN 
R8 -4.749 7.40 298.15 NaN 
R8 -1.717 7.06 298.15 NaN 
R8 -0.834 7.03 298.15 NaN 
R8 -5.901 7.00 311.15 NaN 
R8 6.937 7.00 303.15 NaN 
R8 2.012 7.40 303.15 NaN 
R8 -7.020 8.00 298.15 NaN 
R8 0.500 7.00 323.15 NaN 
R8 -0.769 7.00 333.15 NaN 
R8 -0.139 7.00 343.15 NaN 
R8 -0.813 7.20 343.15 NaN 
R1 -0.280 7.00 353.15 NaN 
R46 -0.338 7.20 333.15 NaN 
R37 -3.946 7.10 311.15 NaN 
R37 47.231 8.00 310.15 NaN 
R47 -19.653 7.40 311.15 0.25 
R47 -6.568 5.65 286.35 NaN 
R47 -7.049 5.65 298.15 NaN 
R47 -7.305 5.65 304.15 NaN 
R47 -7.836 5.65 316.35 NaN 
R47 -7.645 5.65 310.25 NaN 
R26 -6.768 5.65 292.45 NaN 
R44 11.399 8.40 310.15 NaN 
R7 -3.702 7.40 293.15 NaN 
R12 -3.185 7.40 303.15 NaN 
R25 -3.002 7.40 313.15 NaN 
R25 -2.617 7.40 323.15 NaN 
R25 3.252 7.50 334.15 NaN 
R25 2.685 7.50 343.15 NaN 
R25 2.557 7.50 345.15 NaN 
R25 4.066 7.50 323.15 NaN 
R48 4.462 7.50 313.15 NaN 
R49 -11.618 4.50 318.15 NaN 
R50 -11.036 4.50 318.15 NaN 
R51 -4.637 5.60 303.15 NaN 
R51 -4.148 6.80 310.15 NaN 
R51 -4.037 6.00 298.15 NaN 
R51 3.305 7.00 298.65 NaN 
R51 2.913 7.00 310.15 NaN 
R51 4.104 7.00 273.15 NaN 
R38 14.246 7.40 303.15 NaN 
R24 4.142 7.50 300.15 NaN 
R24 21.536 6.30 310.15 NaN 
R24 -16.712 5.50 298.15 NaN 
R24 18.266 7.00 273.15 NaN 
R14 15.840 7.00 293.15 NaN 
R14 13.145 7.00 313.15 NaN 
R14 10.972 7.00 333.15 NaN 
R14 16.596 7.00 293.15 NaN 
R14 17.529 7.00 293.15 NaN 
R51 18.667 7.00 293.15 NaN 
R51 18.284 7.00 293.15 NaN 
R26 19.385 7.00 293.15 NaN 
R26 19.385 7.00 293.15 NaN 
R26 19.843 7.00 293.15 NaN 
R42 18.619 7.00 333.15 NaN 
R42 19.681 7.00 293.15 NaN 
R42 18.468 7.00 293.15 NaN 
R52 16.596 7.00 293.15 NaN 
R14 16.008 7.00 293.15 NaN 
R53 17.100 7.00 313.15 NaN 
R54 14.899 7.00 333.15 NaN 
R6 14.355 7.00 333.15 NaN 
R6 11.627 7.00 333.15 NaN 
R6 15.591 7.00 313.15 NaN 
R6 15.591 7.00 313.15 NaN 
R6 20.143 7.00 273.15 NaN 
R6 13.299 7.00 333.15 NaN 
R6 21.684 7.00 273.15 NaN 
R6 16.172 7.00 313.15 NaN 
R6 19.385 7.00 293.15 NaN 
R6 13.493 7.00 313.15 NaN 
R6 19.250 7.00 293.15 NaN 
R6 17.915 7.00 293.15 NaN 
R6 1.032 7.65 310.15 NaN 
R6 19.424 8.00 288.15 NaN 
R6 0.516 7.00 313.15 NaN 
R6 1.113 7.60 300.15 NaN 
R6 -8.548 8.25 298.15 NaN 
R6 -0.075 8.50 304.75 NaN 
R6 0.025 8.50 298.15 NaN 
R6 7.125 7.00 310.15 NaN 
R6 5.465 9.00 310.15 NaN 
R6 -13.806 7.00 298.15 NaN 
R6 2.463 8.00 298.15 NaN 
R6 0.207 8.00 298.15 NaN 
R6 -0.612 8.00 298.15 NaN 
R6 -0.144 8.00 298.15 NaN 
R6 0.207 8.00 298.15 NaN 
R6 2.673 8.00 298.15 NaN 
R6 2.983 8.00 298.15 NaN 
R6 1.620 8.00 298.15 NaN 
R7 -0.325 8.00 298.15 NaN 
R55 0.992 8.00 298.15 NaN 
R25 1.924 8.00 298.15 NaN 
R44 2.823 8.00 298.15 NaN 
R18 2.673 8.00 298.15 NaN 
R16 1.767 8.00 298.15 NaN 
R16 4.139 7.00 318.15 NaN 
R56 3.483 7.00 331.15 NaN 
R56 3.001 7.00 341.15 NaN 
R43 4.492 7.00 311.15 NaN 
R8 2.651 7.00 348.15 NaN 
R8 3.789 7.00 325.15 NaN 
R8 -13.982 6.99 310.15 0.25 
R8 -13.297 6.99 310.15 0.25 
R8 -4.222 7.30 275.80 NaN 
R8 -4.239 6.35 276.90 NaN 
R8 -4.240 6.35 277.00 NaN 
R8 -4.023 6.35 284.00 NaN 
R8 -3.965 6.35 286.10 NaN 
R8 -3.859 6.35 288.20 NaN 
R8 -3.786 7.30 288.20 NaN 
R8 -3.686 6.35 291.90 NaN 
R8 -3.544 6.35 296.70 NaN 
R8 -3.429 6.35 298.70 NaN 
R14 -3.348 6.35 303.00 NaN 
R14 -3.246 6.35 303.00 NaN 
R14 -3.003 6.35 309.90 NaN 
R14 -2.913 6.35 310.70 NaN 
R14 -2.922 6.35 311.70 NaN 
R14 -3.422 7.30 298.10 NaN 
R10 -3.453 6.35 299.20 NaN 
R10 -4.075 6.35 282.30 NaN 
R24 -4.243 6.35 277.20 NaN 
R24 -4.016 7.30 283.50 NaN 
R24 -3.641 7.30 292.60 NaN 
R24 -3.641 7.30 292.60 NaN 
R24 -3.241 7.30 302.50 NaN 
R24 -2.983 7.30 307.80 NaN 
R24 -3.697 6.35 292.80 NaN 
R24 2.185 7.50 303.15 NaN 
R24 3.146 8.00 310.15 NaN 
R24 -10.262 7.00 308.15 NaN 
R24 -10.308 7.00 308.15 NaN 
R24 -0.169 7.00 338.15 NaN 
R24 -0.356 7.00 348.15 NaN 
R24 -0.565 7.00 358.15 NaN 
R24 -0.106 7.00 333.15 NaN 
R24 -0.280 7.00 343.15 NaN 
R24 -0.491 7.00 353.15 NaN 
R24 -3.614 7.60 298.15 NaN 
R24 9.350 7.80 305.00 NaN 
R24 3.641 7.00 298.15 NaN 
R24 -0.213 9.00 333.15 NaN 
R24 1.819 7.15 298.15 NaN 
R24 1.879 7.15 308.15 NaN 
R24 -3.654 7.30 298.15 0.01 
R24 -3.776 7.30 298.15 0.10 
R8 -5.575 4.06 298.15 0.05 
R57 -4.295 5.00 298.15 0.05 
R43 -3.813 5.05 298.15 0.05 
R43 -3.710 6.06 298.15 0.05 
R25 -3.643 8.00 298.15 0.05 
R25 -3.688 9.01 298.15 0.05 
R25 -2.951 7.30 313.00 0.10 
R25 -3.551 7.30 307.70 0.10 
R25 -3.542 7.30 307.50 0.10 
R25 -3.497 7.30 307.50 0.10 
R24 -3.521 7.30 307.30 0.10 
R58 -3.900 7.30 304.10 0.10 
R59 -3.932 7.30 304.10 0.10 
R25 -3.899 7.30 303.60 0.10 
R19 -3.942 7.30 293.30 0.10 
R19 -4.143 7.30 291.20 0.10 
R24 -4.197 7.30 290.80 0.10 
R24 -4.167 7.30 290.80 0.10 
R24 -4.564 7.30 277.80 0.10 
R24 -4.564 7.30 277.80 0.10 
R24 -4.611 7.30 277.80 0.10 
R24 -4.689 4.91 292.60 0.10 
R24 -4.706 4.91 290.80 0.10 
R24 -4.770 4.91 290.80 0.10 
R24 -4.869 4.91 290.60 0.10 
R24 -4.730 4.91 290.80 0.10 
R24 -4.531 4.91 295.20 0.10 
R24 -3.602 7.30 298.15 0.00 
R24 -2.968 7.30 313.00 0.10 
R24 -3.754 6.00 298.15 0.05 
R24 -3.366 7.30 308.30 0.10 
R24 -3.844 7.30 294.10 0.10 
R24 -4.820 4.91 290.60 0.10 
R24 -3.922 7.30 298.15 0.25 
R24 -3.620 7.99 298.15 0.05 
R24 -3.524 7.30 307.60 0.10 
R24 -4.212 7.30 291.20 0.10 
R24 -4.842 4.91 277.90 0.10 
R24 -3.984 7.30 303.60 0.10 
R24 -4.553 4.91 307.50 0.10 
R24 -4.553 4.91 307.50 0.10 
R24 -3.682 6.01 298.15 0.05 
R24 -3.874 7.30 294.10 0.10 
R24 -3.693 7.30 298.15 0.05 
R24 -3.919 7.30 293.40 0.10 
R24 -4.621 4.91 292.60 0.10 
R24 -3.427 7.30 308.30 0.10 
R24 -19.489 8.00 303.15 NaN 
R24 -1.442 8.30 310.15 NaN 
R24 2.857 7.00 310.15 NaN 
R24 3.103 8.00 310.15 NaN 
R24 23.312 7.00 310.15 NaN 
R24 22.279 7.98 287.45 NaN 
R24 21.312 7.91 292.15 NaN 
R24 20.703 7.76 298.15 NaN 
R24 20.651 7.84 298.15 NaN 
R24 20.295 7.85 298.15 NaN 
R24 20.958 7.89 298.15 NaN 
R24 20.844 7.97 298.15 NaN 
R24 20.462 8.85 298.15 NaN 
R24 20.833 8.85 298.15 NaN 
R24 19.634 7.71 304.25 NaN 
R24 20.055 7.71 304.25 NaN 
R24 19.129 7.81 310.15 NaN 
R24 22.446 7.98 287.45 NaN 
R5 19.248 7.81 310.15 NaN 
R35 20.778 7.77 298.15 NaN 
R7 20.443 7.93 298.15 NaN 
R7 18.258 7.94 316.15 NaN 
R37 20.405 7.93 298.15 NaN 
R60 18.122 7.92 316.15 NaN 
R60 21.596 7.90 292.15 NaN 
R60 -5.435 5.42 303.15 0.07 
R60 -5.924 6.45 303.15 0.07 
R60 -6.172 7.50 303.15 0.07 
R60 -6.185 7.89 303.15 0.07 
R60 -5.563 6.22 293.15 0.07 
R60 -5.903 7.24 293.15 0.07 
R60 -6.000 8.06 293.15 0.07 
R60 -6.109 7.40 303.15 0.05 
R60 -6.111 7.40 303.15 0.03 
R60 -6.183 7.40 303.15 0.06 
R60 -5.912 7.45 303.15 0.30 
R60 -6.122 7.40 303.15 0.04 
R60 -5.806 6.20 303.15 0.07 
R60 -6.131 7.10 303.15 0.07 
R60 -5.976 6.66 303.15 0.07 
R60 -6.073 7.80 303.15 0.30 
R60 -6.066 7.40 303.15 0.09 
R60 -5.907 7.01 303.15 0.30 
R26 -6.146 8.12 303.15 0.30 
R26 -6.004 7.55 303.15 0.30 
R26 -6.064 7.89 303.15 0.30 
R26 -6.064 7.89 303.15 0.30 
R26 -5.816 6.97 303.15 0.30 
R26 -7.547 6.60 303.15 NaN 
R26 -1.481 7.50 303.15 NaN 
R26 -8.081 7.20 310.15 NaN 
R26 -9.473 8.50 311.15 NaN 
R26 -7.016 7.50 303.15 NaN 
R26 2.651 8.31 298.15 NaN 
R26 2.535 8.46 292.15 NaN 
R26 2.603 8.16 304.15 NaN 
R26 2.646 8.34 304.15 NaN 
R26 2.391 8.34 298.15 NaN 
R26 2.410 8.54 298.15 NaN 
R26 1.129 8.33 298.15 NaN 
R26 1.253 8.53 298.15 NaN 
R26 1.798 8.50 298.15 NaN 
R26 -0.654 8.32 298.15 NaN 
R26 -0.588 8.50 298.15 NaN 
R26 2.524 8.54 298.15 NaN 
R26 1.913 8.68 298.15 NaN 
R18 1.935 8.87 298.15 NaN 
R61 2.490 7.79 298.15 NaN 
R62 2.490 6.04 298.15 NaN 
R63 2.417 6.67 298.15 NaN 
R64 2.504 6.77 298.15 NaN 
R8 2.497 7.41 298.15 NaN 
R8 2.490 7.45 298.15 NaN 
R8 2.630 8.54 298.15 NaN 
R8 2.630 8.54 298.15 NaN 
R8 0.371 8.28 298.15 NaN 
R8 2.197 8.67 298.15 NaN 
R8 0.177 6.83 311.15 NaN 
R8 2.699 7.98 310.25 NaN 
R8 2.012 8.73 298.15 NaN 
R8 2.721 8.13 310.25 NaN 
R8 2.608 8.40 298.15 NaN 
R8 2.462 8.68 286.05 NaN 
R8 3.357 8.56 298.15 NaN 
R8 1.978 8.57 298.15 NaN 
R8 1.844 8.30 298.15 NaN 
R8 2.504 7.93 298.15 NaN 
R8 3.338 8.40 298.15 NaN 
R8 2.497 6.88 298.15 NaN 
R8 2.556 8.67 292.15 NaN 
R8 0.391 8.51 298.15 NaN 
R8 2.221 8.49 298.15 NaN 
R8 0.193 7.04 311.15 NaN 
R8 2.455 8.85 286.05 NaN 
R8 -3.602 7.80 297.15 NaN 
R8 0.551 6.10 297.15 NaN 
R8 1.476 8.00 297.15 NaN 
R8 0.881 8.00 297.15 NaN 
R8 0.431 8.00 297.15 NaN 
R8 2.263 8.00 297.15 NaN 
R8 3.423 8.00 297.15 NaN 
R8 0.025 8.00 297.15 NaN 
R8 1.102 8.00 297.15 NaN 
R8 1.615 8.00 297.15 NaN 
R8 0.989 8.00 297.15 NaN 
R8 3.233 8.00 297.15 NaN 
R8 1.388 9.00 297.15 NaN 
R8 2.142 10.10 297.15 NaN 
R8 1.388 8.00 297.15 NaN 
R8 1.261 7.00 297.15 NaN 
R8 3.524 8.00 297.15 NaN 
R8 1.917 8.00 297.15 NaN 
R61 4.734 7.40 298.15 NaN 
R8 -3.308 8.08 298.15 NaN 
R8 -2.586 6.50 298.15 NaN 
R8 -2.874 7.28 298.15 NaN 
R8 -2.396 6.03 298.15 NaN 
R8 -2.577 6.04 298.15 NaN 
R8 -2.220 6.08 298.15 NaN 
R8 -2.515 6.08 298.15 NaN 
R8 -2.890 6.23 298.15 NaN 
R8 -2.935 6.23 298.15 NaN 
R8 -2.859 6.29 298.15 NaN 
R8 -3.025 7.50 288.00 NaN 
R8 -3.771 7.50 299.50 NaN 
R8 -3.104 6.50 298.15 NaN 
R8 -3.608 7.00 298.15 NaN 
R8 -3.824 7.50 298.15 NaN 
R8 -4.061 8.50 298.15 NaN 
R8 -3.032 6.50 298.15 NaN 
R30 -3.385 7.00 298.15 NaN 
R48 -3.676 8.00 298.15 NaN 
R48 -3.738 8.50 298.15 NaN 
R48 -2.117 6.00 298.15 NaN 
R48 -2.117 6.00 298.15 NaN 
R48 -3.090 6.88 298.15 NaN 
R48 -3.556 8.08 298.15 NaN 
R48 -2.646 6.50 298.15 NaN 
R48 -3.111 6.90 298.15 NaN 
R48 -3.090 7.28 298.15 NaN 
R48 -2.890 6.29 298.15 NaN 
R48 -2.803 6.34 298.15 NaN 
R48 -2.890 6.34 298.15 NaN 
R48 -3.194 6.49 298.15 NaN 
R48 -3.228 6.49 298.15 NaN 
R48 -3.334 6.55 298.15 NaN 
R48 -3.490 6.74 298.15 NaN 
R48 -3.654 6.74 298.15 NaN 
R48 -3.591 6.78 298.15 NaN 
R48 -3.591 6.84 298.15 NaN 
R48 -3.660 7.00 298.15 NaN 
R48 -3.738 7.00 298.15 NaN 
R48 -3.824 7.00 298.15 NaN 
R48 -3.671 7.12 298.15 NaN 
R48 -3.886 7.12 298.15 NaN 
R48 -3.886 7.12 298.15 NaN 
R48 -3.759 7.38 298.15 NaN 
R48 -3.802 7.38 298.15 NaN 
R48 -3.988 7.38 298.15 NaN 
R48 -3.824 7.46 298.15 NaN 
R48 -3.897 7.46 298.15 NaN 
R48 -3.917 7.46 298.15 NaN 
R48 -4.017 7.88 298.15 NaN 
R48 -4.037 7.88 298.15 NaN 
R48 -4.406 7.88 298.15 NaN 
R48 -4.061 7.94 298.15 NaN 
R48 -4.027 8.25 298.15 NaN 
R48 -2.874 6.50 298.15 NaN 
R48 -3.003 6.34 298.15 NaN 
R48 -3.435 6.84 298.15 NaN 
R48 -3.840 7.85 298.15 NaN 
R48 -3.973 8.25 298.15 NaN 
R48 -3.988 8.00 298.15 NaN 
R48 -3.608 7.50 298.15 NaN 
R48 -1.862 5.92 298.15 NaN 
R48 -2.973 6.23 298.15 NaN 
R48 -2.973 6.23 298.15 NaN 
R48 -3.181 6.55 298.15 NaN 
R48 -3.688 7.00 298.15 NaN 
R48 -3.834 7.38 298.15 NaN 
R48 -4.108 7.88 298.15 NaN 
R48 -3.886 7.16 298.15 NaN 
R48 -4.108 8.25 298.15 NaN 
R48 -4.252 7.50 307.50 NaN 
R48 -4.012 8.25 298.15 NaN 
R48 -3.295 6.43 298.15 NaN 
R48 -3.579 6.84 298.15 NaN 
R48 -3.973 7.16 298.15 NaN 
R48 -4.108 7.85 298.15 NaN 
R48 -2.515 6.13 298.15 NaN 
R48 -2.935 8.08 298.15 NaN 
R48 -2.415 6.00 298.15 NaN 
R48 -3.366 7.28 298.15 NaN 
R48 -2.851 6.90 298.15 NaN 
R48 -2.319 6.13 298.15 NaN 
R48 -2.085 5.92 298.15 NaN 
R48 -2.270 6.00 298.15 NaN 
R48 -2.270 6.00 298.15 NaN 
R48 -4.108 7.94 298.15 NaN 
R48 -2.803 6.81 298.15 NaN 
R48 -2.958 7.12 298.15 NaN 
R48 11.913 7.30 302.15 NaN 
R48 3.050 8.00 303.15 NaN 
R48 3.282 8.00 293.15 NaN 
R48 2.890 8.00 311.15 NaN 
R48 -5.925 7.07 311.15 NaN 
R48 -5.933 7.07 311.15 NaN 
R48 -6.200 7.07 311.15 NaN 
R48 -7.185 7.07 311.15 NaN 
R48 -8.689 7.07 311.15 NaN 
R48 -9.955 7.07 311.15 NaN 
R48 -5.824 6.64 311.15 NaN 
R48 -6.030 6.64 311.15 NaN 
R48 -8.751 6.64 311.15 NaN 
R48 -9.900 6.64 311.15 NaN 
R48 -6.805 7.07 311.15 NaN 
R48 -10.231 7.07 311.15 NaN 
R24 -6.967 7.45 311.15 NaN 
R24 -7.136 6.64 311.15 NaN 
R65 -8.579 7.45 311.15 NaN 
R7 -9.900 7.07 311.15 NaN 
R7 -5.816 7.45 311.15 NaN 
R7 -7.341 7.07 311.15 NaN 
R1 -6.104 7.07 311.15 NaN 
R1 -7.474 7.07 311.15 NaN 
R1 -5.954 7.07 311.15 NaN 
R1 -5.954 7.07 311.15 NaN 
R1 -9.983 7.07 311.15 NaN 
R1 -10.494 7.07 311.15 NaN 
R1 -6.468 7.07 311.15 NaN 
R1 -5.909 7.07 311.15 NaN 
R1 -5.941 7.45 311.15 NaN 
R1 -9.933 7.45 311.15 NaN 
R1 -9.761 7.07 311.15 NaN 
R1 -9.351 7.07 311.15 NaN 
R1 3.281 7.50 310.15 NaN 
R1 2.658 7.50 273.15 NaN 
R1 3.041 8.70 298.15 NaN 
R1 2.991 8.70 298.15 NaN 
R1 2.967 8.70 298.15 NaN 
R1 2.968 8.70 304.95 NaN 
R1 2.865 8.70 310.15 NaN 
R1 2.706 8.70 316.15 NaN 
R1 2.918 8.70 298.15 NaN 
R1 3.093 8.70 298.15 NaN 
R1 -15.023 7.25 310.15 NaN 
R1 -14.696 7.00 311.15 0.25 
R1 -15.041 7.00 311.15 0.25 
R1 -14.907 7.00 311.15 0.25 
R1 -14.833 7.00 311.15 0.25 
R1 -14.696 7.00 311.15 0.25 
R1 -15.056 6.95 311.15 0.25 
R1 -14.757 6.92 311.15 0.25 
R42 -14.378 6.89 311.15 0.25 
R42 -14.722 6.93 311.15 0.25 
R7 -14.808 6.73 311.15 0.25 
R7 -14.466 7.00 311.15 0.25 
R7 -14.731 6.91 311.15 0.25 
R7 -14.245 6.87 311.15 0.25 
R7 -14.660 6.92 311.15 0.25 
R7 -14.774 7.00 311.15 0.25 
R7 -14.328 6.90 311.15 0.25 
R7 -15.010 7.00 311.15 0.25 
R2 -14.476 6.88 311.15 0.25 
R66 -15.386 6.96 311.15 0.25 
R66 -15.079 6.86 311.15 0.25 
R66 -14.642 6.95 311.15 0.25 
R66 -14.642 6.95 311.15 0.25 
R66 -14.799 6.72 311.15 0.25 
R66 7.294 6.30 310.15 NaN 
R66 3.678 7.00 310.15 NaN 
R66 0.286 7.00 310.60 NaN 
R66 -0.325 7.00 345.20 NaN 
R66 -0.226 7.00 341.60 NaN 
R66 -0.101 7.00 333.20 NaN 
R66 0.022 7.00 326.50 NaN 
R66 0.175 7.00 318.20 NaN 
R66 3.113 7.30 311.15 NaN 
R66 0.997 7.00 311.15 0.25 
R66 -20.420 7.20 310.15 NaN 
R66 7.826 7.50 310.15 NaN 
R66 -6.608 6.80 298.15 NaN 
R66 -9.219 7.50 288.15 NaN 
R66 -0.871 7.34 293.15 NaN 
R66 -6.985 7.00 303.15 NaN 
R66 3.573 8.70 278.85 NaN 
R66 3.267 8.70 295.15 NaN 
R67 22.098 7.40 303.15 NaN 
R67 19.408 8.00 303.15 NaN 
R25 17.162 8.40 303.15 NaN 
R25 14.881 9.00 303.15 NaN 
R25 -7.295 7.50 298.15 NaN 
R25 -16.843 5.50 298.15 NaN 
R25 1.819 7.00 298.15 NaN 
R25 3.154 7.00 298.15 NaN 
R30 2.421 7.30 285.15 NaN 
R19 2.149 7.40 320.25 NaN 
R68 1.961 7.40 325.25 NaN 
R9 1.799 7.40 331.95 NaN 
R1 1.502 7.40 343.75 NaN 
R10 2.444 7.40 313.15 NaN 
R48 1.614 7.40 338.15 NaN 
R18 1.951 7.40 328.15 NaN 
R7 -8.643 7.00 310.15 NaN 
R7 -22.368 6.53 298.15 NaN 
R55 -17.514 7.50 298.15 NaN 
R55 -13.729 8.52 298.15 NaN 
R55 -14.148 9.71 298.15 NaN 
R55 -16.876 10.18 298.15 NaN 
R12 -13.843 9.16 298.15 NaN 
R54 -13.600 9.16 298.15 NaN 
R8 -19.103 6.50 298.15 NaN 
R8 -17.805 9.32 298.15 NaN 
R8 -14.528 9.13 298.15 NaN 
R69 -13.272 8.88 298.15 NaN 
R69 -13.013 9.23 298.15 NaN 
R69 -14.478 9.16 298.15 NaN 
R69 -15.795 8.12 298.15 NaN 
R69 -14.276 9.16 298.15 NaN 
R69 14.432 7.50 310.15 NaN 
R69 23.365 7.20 311.15 NaN 
R31 24.328 7.20 301.15 NaN 
R70 22.311 7.20 321.15 NaN 
R70 23.301 7.33 311.15 NaN 
R70 -8.737 5.65 298.15 NaN 
R70 -9.149 5.65 310.15 NaN 
R70 -8.429 5.65 292.15 NaN 
R70 -8.791 5.65 304.15 NaN 
R70 -8.468 5.65 286.15 NaN 
R70 -18.384 7.00 295.15 NaN 
R70 -15.442 6.00 310.15 NaN 
R70 -18.344 7.00 310.15 NaN 
R70 -20.635 7.90 310.15 NaN 
R70 -14.631 6.00 308.15 NaN 
R70 -16.014 6.00 308.15 NaN 
R70 -17.555 6.00 308.15 NaN 
R70 -11.189 7.00 308.15 NaN 
R38 -16.728 7.00 308.15 NaN 
R37 -11.782 7.80 293.15 NaN 
R37 -13.981 7.80 308.15 NaN 
R37 -14.052 7.80 293.15 NaN 
R37 -15.478 7.80 303.15 NaN 
R39 -16.258 7.80 308.15 NaN 
R39 -17.598 7.80 313.15 NaN 
R39 -12.364 7.00 308.15 NaN 
R39 -20.194 6.00 308.15 NaN 
R39 -12.554 7.80 299.15 NaN 
R15 -19.540 7.00 308.15 NaN 
R15 -13.937 7.00 308.15 NaN 
R15 -13.178 7.80 303.15 NaN 
R15 -14.790 7.80 313.15 NaN 
R71 -24.136 7.00 308.15 NaN 
R71 -14.714 7.80 299.15 NaN 
R71 3.298 7.60 303.15 NaN 
R71 4.747 7.00 283.15 NaN 
R71 4.906 7.07 292.65 NaN 
R71 4.819 7.13 298.15 NaN 
R71 4.865 6.94 303.15 NaN 
R71 4.640 7.12 288.15 NaN 
R71 36.091 7.50 303.15 NaN 
R71 10.427 7.10 310.15 NaN 
R71 2.012 7.40 298.15 NaN 
R71 20.651 7.00 298.15 NaN 
R71 -0.000 7.30 311.15 NaN 
R71 -25.990 7.00 295.15 NaN 
R71 3.103 7.60 310.15 NaN 
R71 2.204 6.00 274.15 NaN 
R71 2.294 6.00 293.15 NaN 
R71 2.853 6.00 293.15 NaN 
R71 1.910 6.00 313.15 NaN 
R71 -0.213 7.50 333.15 NaN 
R72 -10.611 6.50 323.15 NaN 
R30 -7.034 8.48 298.15 NaN 
R30 -0.099 7.60 303.15 NaN 
R30 -0.330 7.60 303.15 NaN 
R30 3.346 7.60 303.15 NaN 
R30 3.280 7.60 303.15 NaN 
R73 -0.522 7.90 303.15 NaN 
R9 0.884 7.50 303.15 NaN 
R8 -0.217 7.00 303.15 NaN 
R53 0.718 7.00 303.15 NaN 
R19 -0.522 6.06 303.15 NaN 
R74 1.039 5.00 303.15 NaN 
R42 0.374 5.00 303.15 NaN 
R8 0.603 4.90 303.15 NaN 
R8 -0.217 7.60 303.15 NaN 
R8 -0.622 7.50 303.15 NaN 
R8 0.482 5.57 303.15 NaN 
R25 1.580 7.60 303.15 NaN 
R75 0.240 6.06 303.15 NaN 
R31 -0.330 7.50 303.15 NaN 
R8 0.351 6.04 303.15 NaN 
R8 0.920 6.50 303.15 NaN 
R8 0.902 7.00 303.15 NaN 
R8 0.902 7.00 303.15 NaN 
R8 0.439 5.49 303.15 NaN 
R8 -0.025 7.60 303.15 NaN 
R8 0.866 5.60 303.15 NaN 
R8 3.216 7.60 303.15 NaN 
R8 -0.263 6.56 303.15 NaN 
R8 -0.522 8.20 303.15 NaN 
R8 -0.562 7.90 303.15 NaN 
R8 -0.352 7.50 303.15 NaN 
R8 -0.074 7.60 303.15 NaN 
R8 -11.036 4.50 318.15 NaN 
R8 3.788 7.00 310.15 NaN 
R8 -2.418 7.29 323.30 NaN 
R8 -3.649 7.29 292.80 NaN 
R8 -3.065 7.29 308.10 NaN 
R8 -2.972 7.29 313.40 NaN 
R8 -2.714 7.29 318.30 NaN 
R8 -3.482 7.29 298.50 NaN 
R8 -3.788 7.29 288.30 NaN 
R8 -3.253 7.29 303.00 NaN 
R8 -0.544 7.80 343.15 NaN 
R8 -0.213 7.80 333.15 NaN 
R8 -0.000 7.80 323.15 NaN 
R8 -0.368 7.80 338.15 NaN 
R8 1.786 7.50 310.15 NaN 
R8 -7.273 7.50 293.15 NaN 
R8 -7.247 7.50 313.15 NaN 
R8 -7.167 7.50 303.15 NaN 
R51 -3.688 7.40 298.15 NaN 
R76 19.508 7.00 311.15 0.25 
R24 19.416 7.00 311.15 0.25 
R24 20.283 7.00 311.15 0.25 
R24 20.583 7.00 311.15 0.25 
R24 20.823 7.00 311.15 0.25 
R24 20.823 7.00 311.15 0.25 
R24 21.530 7.00 311.15 0.25 
R24 21.171 7.00 311.15 0.25 
R24 20.230 7.00 311.15 0.25 
R25 21.227 7.00 311.15 0.25 
R25 21.540 7.00 311.15 0.25 
R25 17.810 7.00 311.15 0.25 
R25 21.209 7.00 311.15 0.25 
R57 21.435 7.00 311.15 0.25 
R31 21.171 7.00 311.15 0.25 
R31 19.412 7.00 311.15 0.25 
R31 21.718 7.00 311.15 0.25 
R24 16.936 7.00 311.15 0.25 
R11 2.724 7.50 298.15 NaN 
R11 1.406 7.50 298.15 NaN 
R11 -0.505 7.50 298.15 NaN 
R11 0.261 7.50 298.15 NaN 
R11 0.453 7.50 298.15 NaN 
R11 -0.383 7.50 298.15 NaN 
R11 1.266 7.50 298.15 NaN 
R11 -0.000 7.50 298.15 NaN 
R11 1.513 7.50 298.15 NaN 
R11 2.074 7.50 298.15 NaN 
R11 -0.729 7.50 298.15 NaN 
R11 1.117 7.50 298.15 NaN 
R11 -0.775 7.50 298.15 NaN 
R11 0.411 7.50 298.15 NaN 
R11 -0.353 7.50 298.15 NaN 
R11 -13.781 5.00 313.00 NaN 
R11 12.676 8.00 298.15 NaN 
R11 4.364 8.70 298.35 NaN 
R8 3.748 8.70 313.25 NaN 
R8 3.904 8.70 314.05 NaN 
R8 2.440 8.70 342.15 NaN 
R8 3.150 8.70 328.15 NaN 
R8 3.464 8.70 320.15 NaN 
R8 2.738 8.70 335.05 NaN 
R8 4.044 8.70 306.15 NaN 
R8 -10.328 8.20 310.15 NaN 
R8 0.116 7.00 318.15 NaN 
R8 -0.711 7.00 343.15 NaN 
R8 -0.365 7.00 333.15 NaN 
R8 -0.947 7.00 353.15 NaN 
R8 0.475 7.00 303.15 NaN 
R8 -1.654 7.50 310.15 NaN 
R8 47.609 8.00 303.15 NaN 
R77 44.924 7.20 303.15 NaN 
R78 1.481 7.40 298.15 NaN 
R14 11.869 7.40 310.15 NaN 
R14 -0.111 7.10 340.15 NaN 
R14 -0.444 7.10 360.15 NaN 
R14 -0.251 7.10 350.15 NaN 
R14 9.572 7.40 298.15 NaN 
R14 12.574 7.40 298.15 NaN 
R14 13.307 7.40 298.15 NaN 
R14 12.896 7.40 298.15 NaN 
R43 13.631 7.40 298.15 NaN 
R25 14.654 7.40 298.15 NaN 
R25 14.672 7.40 298.15 NaN 
R25 14.546 7.40 298.15 NaN 
R25 14.573 7.40 298.15 NaN 
R25 14.494 7.40 298.15 NaN 
R21 14.835 7.40 298.15 NaN 
R49 14.460 7.40 298.15 NaN 
R49 12.003 7.40 298.15 NaN 
R8 13.941 7.40 298.15 NaN 
R33 14.599 7.40 298.15 NaN 
R25 9.607 7.40 298.15 NaN 
R25 11.798 7.40 298.15 NaN 
R25 12.824 7.40 298.15 NaN 
R65 14.796 7.40 298.15 NaN 
R65 0.354 7.30 303.15 NaN 
R65 0.189 7.30 318.15 NaN 
R65 0.011 7.30 333.15 NaN 
R65 -0.274 7.30 343.15 NaN 
R65 -23.937 7.40 298.15 NaN 
R65 -19.385 7.40 298.15 NaN 
R65 -19.511 7.40 298.15 NaN 
R65 -17.525 7.40 298.15 NaN 
R65 -15.363 7.40 298.15 NaN 
R65 -11.756 7.40 298.15 NaN 
R65 -11.435 7.40 298.15 NaN 
R65 -21.936 7.40 298.15 NaN 
R65 -15.661 7.40 298.15 NaN 
R65 -16.747 7.40 298.15 NaN 
R65 -17.858 7.40 298.15 NaN 
R65 -17.858 7.40 298.15 NaN 
R65 -14.763 7.40 298.15 NaN 
R65 -12.172 7.40 298.15 NaN 
R25 -20.207 7.40 277.90 NaN 
R25 -20.399 7.40 283.10 NaN 
R25 -20.258 7.40 303.00 NaN 
R25 -20.289 7.40 312.70 NaN 
R71 -20.240 7.40 298.15 NaN 
R71 -15.239 7.40 298.15 NaN 
R71 -20.403 7.40 298.15 NaN 
R71 -20.403 7.40 298.15 NaN 
R71 -11.668 7.40 298.15 NaN 
R71 -24.134 7.40 298.15 NaN 
R71 -13.306 7.40 298.15 NaN 
R71 -18.639 7.40 298.15 NaN 
R71 -23.272 7.40 298.15 NaN 
R71 -20.145 7.40 292.90 NaN 
R71 8.528 7.40 298.15 NaN 
R71 15.656 7.00 303.15 NaN 
R71 15.117 7.00 313.15 NaN 
R71 12.485 7.00 333.15 NaN 
R71 15.597 7.00 311.15 NaN 
R71 -7.518 5.00 313.00 NaN 
R71 -14.429 7.00 310.15 0.30 
R71 -17.327 7.58 310.15 0.17 
R71 -16.764 7.50 310.15 0.21 
R71 -13.112 6.60 310.15 0.20 
R71 -14.523 7.10 310.15 0.22 
R71 -12.464 8.50 311.15 NaN 
R71 -4.759 8.50 311.15 NaN 
R71 -11.547 8.50 311.15 NaN 
R71 4.644 7.40 310.15 0.13 
R71 9.508 7.00 310.15 NaN 
R71 -9.944 7.73 311.15 0.25 
R71 -10.084 8.13 311.15 0.25 
R41 -10.026 8.12 311.15 0.25 
R6 -10.110 7.00 311.15 0.25 
R6 -9.999 7.00 311.15 0.25 
R6 -10.105 7.00 311.15 0.25 
R6 -10.115 7.00 311.15 0.25 
R51 -10.115 7.00 311.15 0.25 
R15 -10.171 7.00 311.15 0.25 
R15 -10.146 6.98 311.15 0.12 
R15 -10.539 6.98 311.15 0.41 
R15 -10.477 6.98 311.15 0.56 
R15 -12.484 5.90 311.15 0.25 
R27 -12.428 5.99 311.15 0.25 
R10 -11.225 6.47 311.15 0.25 
R79 -11.000 6.52 311.15 0.25 
R30 -11.136 6.53 311.15 0.25 
R9 -10.366 6.89 311.15 0.25 
R80 -10.517 6.89 311.15 0.25 
R80 -10.578 6.91 311.15 0.25 
R80 -10.561 6.91 311.15 0.25 
R80 -10.561 6.91 311.15 0.25 
R80 -10.578 6.92 311.15 0.25 
R80 -10.256 6.95 311.15 0.25 
R80 -10.357 6.98 311.15 0.25 
R80 -10.105 7.36 311.15 0.25 
R80 -9.843 7.66 311.15 0.25 
R80 -10.399 6.98 311.15 0.71 
R80 -10.399 6.98 311.15 1.00 
R80 -10.539 6.98 311.15 1.00 
R80 -10.431 6.89 311.15 0.25 
R80 -9.905 7.43 311.15 0.25 
R80 -10.105 7.00 311.15 0.25 
R80 -10.933 6.49 311.15 0.25 
R80 -10.463 6.95 311.15 0.25 
R80 -10.508 6.98 311.15 0.71 
R80 -10.486 6.91 311.15 0.25 
R80 -10.166 8.16 311.15 0.25 
R80 -10.413 6.98 311.15 0.41 
R80 -9.977 7.00 311.15 0.25 
R80 -9.955 8.02 311.15 0.25 
R80 -9.999 7.00 311.15 0.25 
R80 -9.999 7.00 311.15 0.25 
R80 -10.309 6.98 311.15 0.56 
R80 -10.352 6.98 311.15 0.12 
R80 -9.977 7.00 311.15 0.25 
R80 1.588 7.50 310.15 NaN 
R80 -8.643 7.50 310.15 NaN 
R80 1.037 7.40 298.15 NaN 
R80 -6.109 7.30 303.15 NaN 
R80 4.848 7.40 328.15 NaN 
R80 4.453 7.40 331.95 NaN 
R80 4.006 7.40 343.75 NaN 
R80 5.121 7.40 320.25 NaN 
R80 4.179 7.40 338.15 NaN 
R80 4.789 7.40 325.25 NaN 
R80 2.427 7.50 310.15 NaN 
R80 0.291 7.50 306.15 NaN 
R80 -0.011 7.50 331.85 NaN 
R80 -0.257 7.50 344.15 NaN 
R80 -0.540 7.50 358.15 NaN 
R80 -0.428 7.50 353.15 NaN 
R80 0.098 7.50 322.15 NaN 
R80 0.356 7.50 298.15 NaN 
R7 0.172 7.50 313.15 NaN 
R32 0.935 6.12 303.15 NaN 
R19 1.902 6.81 303.15 NaN 
R26 1.956 7.50 303.15 NaN 
R81 2.308 7.88 303.15 NaN 
R81 1.032 7.40 310.15 NaN 
R81 -5.528 7.50 298.15 0.10 
R81 -6.133 7.50 310.15 0.10 
R81 -8.885 7.50 298.15 0.10 
R81 -9.491 7.50 298.15 0.10 
R69 -10.335 7.50 298.15 0.10 
R25 -9.607 7.50 298.15 0.04 
R25 -10.785 7.50 298.15 0.04 
R25 -9.006 7.50 298.15 0.07 
R25 -10.429 7.50 298.15 0.07 
R25 -7.601 7.50 298.15 0.15 
R25 -8.524 7.50 298.15 0.15 
R25 -6.297 7.50 298.15 0.15 
R25 -10.132 7.50 298.15 0.15 
R8 -7.578 7.50 298.15 0.10 
R8 -9.529 7.50 298.15 0.15 
R8 -6.030 7.50 298.15 0.04 
R8 -10.410 7.50 298.15 0.04 
R42 -9.813 7.50 298.15 0.10 
R1 -6.198 7.50 298.15 0.10 
R1 -7.801 7.50 298.15 0.07 
R1 -6.931 7.50 298.15 0.07 
R1 -6.931 7.50 298.15 0.07 
R1 -6.073 7.50 298.15 0.07 
R1 -9.906 7.50 298.15 0.07 
R1 -10.491 7.50 298.15 0.10 
R1 -8.220 7.50 298.15 0.04 
R1 -10.296 7.50 298.15 0.07 
R1 -5.391 7.00 303.15 NaN 
R1 -21.239 7.00 308.15 NaN 
R1 -13.151 7.00 308.15 NaN 
R1 -10.729 7.00 308.15 NaN 
R1 -18.727 7.80 308.15 NaN 
R1 -16.586 7.80 308.15 NaN 
R1 -15.143 7.80 308.15 NaN 
R1 -13.298 7.80 308.15 NaN 
R1 -11.022 7.80 308.15 NaN 
R1 -17.475 6.20 308.15 NaN 
R1 -15.965 6.20 308.15 NaN 
R1 -15.143 7.80 308.15 NaN 
R1 -15.914 7.80 308.15 NaN 
R1 -20.502 7.80 308.15 NaN 
R1 -10.527 7.80 308.15 NaN 
R1 -10.527 7.80 308.15 NaN 
R1 -15.528 7.80 308.15 NaN 
R1 -14.690 7.80 308.15 NaN 
R64 -15.644 7.80 308.15 NaN 
R71 -15.343 7.80 308.15 NaN 
R71 -18.156 6.15 308.15 NaN 
R71 -13.298 7.82 308.15 NaN 
R71 -20.136 6.20 308.15 NaN 
R71 -18.156 6.20 308.15 NaN 
R71 -15.467 6.20 308.15 NaN 
R71 -12.654 6.20 308.15 NaN 
R71 -14.690 6.20 308.15 NaN 
R71 -18.156 7.00 308.15 NaN 
R71 -15.343 7.00 308.15 NaN 
R71 -15.587 7.80 308.15 NaN 
R71 -13.298 7.80 308.15 NaN 
R71 -12.037 7.80 308.15 NaN 
R71 -11.022 7.80 308.15 NaN 
R71 -17.491 7.80 313.15 NaN 
R71 -17.491 7.80 313.15 NaN 
R71 -15.016 7.80 299.15 NaN 
R71 -15.011 7.80 313.15 NaN 
R71 -13.925 7.80 308.15 NaN 
R71 -13.426 7.80 302.15 NaN 
R71 -12.617 7.80 299.15 NaN 
R71 -11.858 7.80 293.15 NaN 
R71 -12.408 7.80 302.15 NaN 
R71 -10.735 7.80 293.15 NaN 
R71 -12.996 7.80 308.15 NaN 
R71 -11.802 7.80 302.15 NaN 
R71 -11.448 7.80 299.15 NaN 
R71 -10.705 7.80 293.15 NaN 
R71 -14.336 7.80 308.15 NaN 
R71 -17.611 7.80 308.15 NaN 
R71 -10.916 7.80 308.15 NaN 
R71 -10.951 7.80 308.15 NaN 
R71 -13.151 7.80 308.15 NaN 
R71 -12.037 7.80 308.15 NaN 
R71 -11.715 7.80 308.15 NaN 
R71 -11.284 7.80 308.15 NaN 
R71 -15.157 7.80 308.15 NaN 
R71 -14.336 7.00 308.15 NaN 
R71 -14.429 7.00 308.15 NaN 
R71 -11.284 7.80 308.15 NaN 
R71 -11.494 7.00 308.15 NaN 
R71 -13.151 7.80 308.15 NaN 
R71 -12.464 8.93 308.15 NaN 
R71 -11.741 7.00 308.15 NaN 
R71 -20.136 6.20 308.15 NaN 
R71 -17.689 7.80 308.15 NaN 
R71 -13.727 7.80 293.15 NaN 
R71 -13.727 7.80 293.15 NaN 
R71 -12.464 7.80 308.15 NaN 
R71 -15.001 7.80 308.15 NaN 
R71 -10.951 7.80 308.15 NaN 
R71 -16.249 6.42 308.15 NaN 
R71 -16.739 7.00 308.15 NaN 
R71 -12.037 7.80 308.15 NaN 
R71 -13.436 7.00 308.15 NaN 
R71 -16.625 7.80 308.15 NaN 
R71 -14.151 7.80 313.15 NaN 
R71 -16.111 7.80 308.15 NaN 
R71 -17.419 7.80 308.15 NaN 
R71 -15.553 7.80 302.15 NaN 
R71 -11.685 7.80 299.15 NaN 
R71 -15.343 7.80 308.15 NaN 
R71 -16.063 7.80 308.15 NaN 
R71 49.897 8.00 303.15 NaN 
R71 -0.079 7.00 323.15 NaN 
R71 -10.375 7.60 310.15 NaN 
R71 -11.618 4.50 318.15 NaN 
R71 -17.351 7.30 303.15 NaN 
R71 -18.024 8.00 303.15 NaN 
R71 -14.369 8.00 303.15 NaN 
R71 -12.656 8.00 303.15 NaN 
R71 -16.317 8.00 303.15 NaN 
R71 -14.609 8.00 303.15 NaN 
R71 -12.754 8.00 303.15 NaN 
R71 -12.183 8.00 303.15 NaN 
R71 -13.137 8.00 303.15 NaN 
R71 -20.014 8.00 303.15 NaN 
R71 -17.525 8.00 303.15 NaN 
R71 -14.609 8.00 303.15 NaN 
R71 -13.677 8.00 303.15 NaN 
R71 -11.975 8.00 303.15 NaN 
R49 -13.284 8.00 303.15 NaN 
R25 -19.422 8.00 303.15 NaN 
R82 -15.630 8.00 303.15 NaN 
R51 -20.410 7.30 303.15 NaN 
R71 -12.520 8.00 303.15 NaN 
R71 -18.979 8.00 303.15 NaN 
R71 -15.831 8.00 303.15 NaN 
R71 -15.831 8.00 303.15 NaN 
R71 -15.216 8.00 303.15 NaN 
R71 -16.750 8.00 303.15 NaN 
R71 -13.530 8.00 303.15 NaN 
R71 -13.959 8.00 303.15 NaN 
R71 -18.423 7.30 303.15 NaN 
R71 -12.893 8.00 303.15 NaN 
R71 -10.671 8.50 311.15 NaN 
R71 -8.006 7.00 303.15 NaN 
R71 -8.911 7.00 333.15 NaN 
R71 -7.897 7.00 312.15 NaN 
R71 -6.659 7.40 298.15 NaN 
R71 1.871 7.40 298.15 NaN 
R71 2.505 8.10 303.15 NaN 
R71 9.722 6.80 310.15 NaN 
R71 -2.201 7.00 277.15 NaN 
R71 13.280 7.37 298.25 NaN 
R71 13.114 7.33 304.25 NaN 
R71 13.620 7.30 310.15 NaN 
R71 12.909 7.29 310.25 NaN 
R71 12.813 7.35 316.25 NaN 
R71 12.276 7.24 310.15 NaN 
R71 13.580 7.43 286.15 NaN 
R71 13.568 7.39 292.15 NaN 
R71 0.814 6.60 298.15 NaN 
R43 0.616 7.23 298.15 NaN 
R12 4.420 7.00 310.15 NaN 
R12 -3.532 7.63 298.15 NaN 
R12 -2.602 7.99 320.05 NaN 
R1 -3.585 7.30 298.15 NaN 
R46 -3.054 7.99 309.41 NaN 
R7 -3.520 7.99 298.15 NaN 
R33 -0.000 7.65 323.15 NaN 
R8 20.343 7.50 295.15 NaN 
R33 4.700 8.20 298.15 NaN 
R33 -14.771 5.00 308.15 NaN 
R33 -13.741 5.00 308.15 NaN 
R33 -11.793 6.00 308.15 NaN 
R33 -12.259 6.10 308.15 NaN 
R33 -11.793 6.10 308.15 NaN 
R33 -11.688 6.10 308.15 NaN 
R33 -11.022 6.10 308.15 NaN 
R19 -10.609 7.00 308.15 NaN 
R19 -10.308 7.00 308.15 NaN 
R81 -10.308 7.00 308.15 NaN 
R24 -10.527 7.00 308.15 NaN 
R24 -10.609 7.00 308.15 NaN 
R24 -10.527 7.00 308.15 NaN 
R24 -10.308 7.00 308.15 NaN 
R24 -7.796 7.00 308.15 NaN 
R25 -10.398 7.20 308.15 NaN 
R53 -8.623 7.20 308.15 NaN 
R28 -9.748 7.80 308.15 NaN 
R80 -9.859 7.80 308.15 NaN 
R80 -9.748 7.80 308.15 NaN 
R80 -10.167 8.00 308.15 NaN 
R80 -10.167 8.00 308.15 NaN 
R80 -6.363 8.00 308.15 NaN 
R80 -9.859 9.00 308.15 NaN 
R80 -9.859 10.00 308.15 NaN 
R80 -15.350 7.80 298.20 NaN 
R80 -15.674 7.80 303.50 NaN 
R80 -15.865 7.80 308.20 NaN 
R80 -15.604 7.80 313.40 NaN 
R80 -16.132 7.80 313.40 NaN 
R80 -12.654 6.10 308.15 NaN 
R80 -10.308 7.00 308.15 NaN 
R80 -9.859 8.00 308.15 NaN 
R80 -16.212 7.80 311.00 NaN 
R80 -9.966 7.80 308.15 NaN 
R80 -16.161 7.80 308.20 NaN 
R80 -11.315 6.10 308.15 NaN 
R80 -15.821 7.80 303.50 NaN 
R80 -12.654 6.10 308.15 NaN 
R80 -10.308 7.00 308.15 NaN 
R80 -15.731 7.80 311.00 NaN 
R80 -12.931 6.00 308.15 NaN 
R80 -12.931 6.00 308.15 NaN 
R80 -9.966 7.00 308.15 NaN 
R80 -9.571 8.00 308.15 NaN 
R80 -9.748 7.80 308.15 NaN 
R80 -12.037 6.10 308.15 NaN 
R80 -9.381 7.00 308.15 NaN 
R80 -10.308 7.20 308.15 NaN 
R80 -15.933 7.80 298.20 NaN 
R80 -12.259 6.10 308.15 NaN 
R80 -10.308 7.00 308.15 NaN 
R80 -9.804 7.00 308.15 NaN 
R80 -6.297 7.50 298.15 NaN 
R80 20.279 7.50 277.15 NaN 
R80 -7.992 7.30 311.15 NaN 
R80 -12.019 7.50 310.15 NaN 
R80 4.612 7.00 311.15 0.25 
R80 2.995 7.00 311.15 0.25 
R80 0.339 7.00 311.15 0.25 
R80 1.356 7.00 311.15 0.25 
R80 0.247 7.00 311.15 0.25 
R80 -2.832 7.40 310.15 NaN 
R80 -3.242 7.00 298.15 NaN 
R80 19.199 7.72 303.15 NaN 
R80 19.800 7.72 303.15 NaN 
R80 21.736 8.31 303.15 NaN 
R80 13.829 8.70 303.15 NaN 
R80 19.534 8.70 303.15 NaN 
R80 16.347 8.31 303.15 NaN 
R80 18.177 7.94 303.15 NaN 
R26 18.355 7.94 303.15 NaN 
R11 15.557 8.31 303.15 NaN 
R12 19.413 7.72 303.15 NaN 
R83 13.373 8.70 303.15 NaN 
R44 18.899 7.94 303.15 NaN 
R44 -0.000 7.00 298.15 NaN 
R44 -4.555 7.00 303.15 NaN 
R44 4.723 7.00 310.15 NaN 
R44 36.091 7.50 303.15 NaN 
R23 13.943 7.00 278.15 NaN 
R31 12.576 7.00 310.15 NaN 
R55 3.154 6.40 298.15 NaN 
R55 2.197 6.00 303.15 NaN 
R55 2.228 7.00 303.15 NaN 
R55 3.543 7.00 303.15 NaN 
R55 4.093 10.00 303.15 NaN 
R55 3.992 9.00 303.15 NaN 
R55 2.781 7.00 280.30 NaN 
R55 3.308 7.00 303.15 NaN 
R55 3.771 7.00 322.60 NaN 
R55 3.250 7.00 300.40 NaN 
R55 3.861 7.00 303.15 NaN 
R55 1.766 5.00 303.15 NaN 
R64 1.124 7.00 303.15 NaN 
R26 3.637 8.00 303.15 NaN 
R14 -0.166 7.00 343.15 NaN 
R73 -0.333 7.00 353.15 NaN 
R33 0.468 7.00 323.15 NaN 
R33 -0.790 7.00 333.15 NaN 
R7 -7.658 7.80 298.15 NaN 
R8 13.364 6.50 310.15 NaN 
R8 4.262 7.50 298.15 NaN 
R8 3.012 7.50 311.15 NaN 
R8 3.748 7.50 304.15 NaN 
R8 2.937 7.50 310.15 NaN 
R8 3.751 7.20 298.15 NaN 
R8 2.753 7.20 333.15 NaN 
R8 2.613 7.20 343.15 NaN 
R8 3.060 7.20 323.15 NaN 
R8 3.133 7.20 313.15 NaN 
R8 -0.082 7.20 333.15 NaN 
R8 8.102 7.20 298.15 NaN 
R8 5.607 7.20 343.15 NaN 
R25 6.620 7.20 323.15 NaN 
R25 7.034 7.20 313.15 NaN 
R25 5.870 7.20 333.15 NaN 
R25 2.032 7.20 333.15 NaN 
R12 -18.438 6.00 308.15 NaN 
R65 -24.623 6.10 308.15 NaN 
R42 -18.361 6.10 308.15 NaN 
R42 -15.467 6.10 308.15 NaN 
R42 -12.464 6.10 308.15 NaN 
R42 -17.236 6.53 308.15 NaN 
R84 -14.614 6.97 308.15 NaN 
R84 -14.519 7.00 308.15 NaN 
R84 -12.996 7.00 308.15 NaN 
R84 -11.793 7.00 308.15 NaN 
R84 -6.758 7.20 308.15 NaN 
R25 -18.550 7.80 308.15 NaN 
R81 -14.850 7.80 308.15 NaN 
R81 -11.315 7.80 308.15 NaN 
R81 -12.083 7.80 308.15 NaN 
R81 -14.971 8.00 308.15 NaN 
R81 -13.119 7.80 293.20 NaN 
R85 -12.617 7.80 299.90 NaN 
R71 -12.189 7.80 302.30 NaN 
R71 -14.200 7.20 308.15 NaN 
R71 -10.987 6.10 308.15 NaN 
R71 -10.987 6.10 308.15 NaN 
R71 -16.338 7.80 308.15 NaN 
R71 0.270 7.00 308.15 NaN 
R71 -20.586 6.10 308.15 NaN 
R71 -18.892 7.80 308.15 NaN 
R71 -15.391 7.80 302.30 NaN 
R71 -12.405 8.83 308.15 NaN 
R71 -21.039 7.00 308.15 NaN 
R71 -13.298 7.80 308.15 NaN 
R71 -14.714 7.80 308.15 NaN 
R71 -25.360 7.00 308.15 NaN 
R71 -15.051 7.80 308.15 NaN 
R71 -16.483 7.80 293.20 NaN 
R71 4.121 8.00 308.15 NaN 
R71 -15.721 7.80 299.90 NaN 
R71 -10.398 7.00 308.15 NaN 
R71 -21.174 7.00 308.15 NaN 
R71 -11.469 7.80 313.20 NaN 
R71 -15.862 7.00 308.15 NaN 
R71 -13.354 7.80 308.15 NaN 
R71 -11.793 7.80 308.15 NaN 
R71 -11.793 7.80 308.15 NaN 
R71 -14.378 5.80 311.15 NaN 
R71 -20.084 8.00 303.15 NaN 
R71 -16.562 7.00 298.15 NaN 
R71 -17.402 7.00 303.15 NaN 
R71 -20.364 7.00 310.15 NaN 
R71 -21.847 8.00 310.15 NaN 
R71 -19.666 8.00 298.15 NaN 
R71 3.442 7.30 303.15 NaN 
R71 7.523 6.80 298.15 NaN 
R71 2.422 6.00 293.15 NaN 
R71 2.489 6.00 293.15 NaN 
R71 0.099 6.00 293.15 NaN 
R71 -0.524 6.00 293.15 NaN 
R71 -0.210 6.00 293.15 NaN 
R71 1.839 6.00 293.15 NaN 
R71 0.669 6.00 293.15 NaN 
R71 1.593 6.00 293.15 NaN 
R71 0.940 6.00 293.15 NaN 
R27 17.440 7.00 298.15 NaN 
R5 17.588 7.06 298.15 NaN 
R5 16.684 7.18 298.15 NaN 
R5 16.194 7.22 298.15 NaN 
R5 1.717 8.39 298.15 NaN 
R5 11.410 7.53 298.15 NaN 
R5 12.869 7.39 298.15 NaN 
R17 21.433 6.51 298.15 NaN 
R41 17.281 6.91 298.15 NaN 
R8 4.390 8.19 298.15 NaN 
R8 6.554 7.88 298.15 NaN 
R8 2.372 7.40 303.15 NaN 
R8 -2.257 7.40 303.15 NaN 
R8 -0.219 8.00 343.15 NaN 
R8 4.888 7.00 311.15 0.25 
R8 -4.132 5.40 298.15 NaN 
R8 -4.037 6.50 298.15 NaN 
R8 -4.108 7.20 298.15 NaN 
R13 -3.938 5.00 298.15 NaN 
R13 -4.155 5.90 298.15 NaN 
R13 12.932 7.00 298.15 NaN 
R13 4.249 7.15 298.15 NaN 
R13 -6.104 6.86 311.15 0.25 
R13 -6.270 6.83 311.15 0.25 
R13 -6.080 6.66 311.15 0.25 
R13 -6.104 6.65 311.15 0.25 
R13 -6.030 6.79 311.15 0.25 
R13 -6.153 6.57 311.15 0.25 
R13 -6.153 6.68 311.15 0.25 
R59 -6.055 6.72 311.15 0.25 
R21 -6.200 6.70 311.15 0.25 
R25 -6.153 6.48 311.15 0.25 
R30 -6.177 6.65 311.15 0.25 
R26 -6.270 6.63 311.15 0.25 
R26 -6.129 6.76 311.15 0.25 
R26 -6.129 6.78 311.15 0.25 
R26 -6.270 6.76 311.15 0.25 
R26 -6.200 6.48 311.15 0.25 
R56 -14.283 7.40 303.15 NaN 
R30 0.356 6.98 310.15 0.25 
R26 0.274 6.99 310.15 0.25 
R26 -0.150 6.99 310.15 0.25 
R26 0.443 6.99 310.15 0.25 
R26 -0.111 6.99 310.15 0.25 
R26 0.052 6.91 310.15 0.25 
R26 -0.036 6.99 310.15 0.25 
R26 0.094 6.89 310.15 0.25 
R26 0.890 6.99 310.15 0.25 
R26 0.044 6.91 310.15 0.25 
R26 0.190 6.97 310.15 0.25 
R26 0.049 6.97 310.15 0.25 
R26 2.494 6.99 310.15 0.25 
R26 0.143 6.98 310.15 0.25 
R26 1.440 6.99 310.15 0.25 
R26 0.047 6.90 310.15 0.25 
R26 -7.386 7.04 311.15 0.25 
R50 -0.551 7.00 348.15 NaN 
R8 -0.966 7.00 353.15 NaN 
R8 0.028 7.00 333.15 NaN 
R8 -0.056 7.00 338.15 NaN 
R8 -0.374 7.00 343.15 NaN 
R8 -7.874 7.00 298.15 NaN 
R8 -8.072 7.00 298.15 NaN 
R8 -14.601 6.20 303.15 NaN 
R8 -12.320 6.20 303.15 NaN 
R8 -11.601 6.20 303.15 NaN 
R8 -16.194 7.20 303.15 NaN 
R8 -13.633 7.20 303.15 NaN 
R8 -11.007 7.20 303.15 NaN 
R8 -16.047 8.00 303.15 NaN 
R8 -15.174 8.00 303.15 NaN 
R8 -12.376 7.20 303.15 NaN 
R8 -15.131 7.20 303.15 NaN 
R31 -14.725 8.00 303.15 NaN 
R25 -15.094 8.00 303.15 NaN 
R25 -11.207 7.20 303.15 NaN 
R25 -27.605 7.30 298.15 NaN 
R25 8.296 7.40 310.15 NaN 
R25 0.027 7.50 323.15 NaN 
R86 -0.190 7.50 338.15 NaN 
R86 -0.135 7.50 333.15 NaN 
R71 -0.368 7.50 338.15 NaN 
R71 -0.289 7.50 333.15 NaN 
R71 -0.027 7.50 328.15 NaN 
R71 -0.000 7.40 313.15 NaN 
R71 -0.834 7.00 298.15 NaN 
R71 14.192 7.00 278.05 NaN 
R71 13.869 7.00 288.45 NaN 
R71 13.179 7.00 300.55 NaN 
R71 12.723 5.70 309.45 NaN 
R71 12.085 7.00 309.45 NaN 
R71 12.861 7.00 309.45 NaN 
R71 12.990 7.70 309.45 NaN 
R71 12.872 7.00 309.45 NaN 
R71 12.872 7.00 309.45 NaN 
R33 11.894 7.00 309.45 NaN 
R25 11.894 7.00 309.45 NaN 
R25 -16.675 7.05 308.15 NaN 
R25 -14.492 9.70 308.15 NaN 
R25 -7.167 7.50 303.15 NaN 
R25 1.360 7.00 310.15 NaN 
R25 -11.036 7.00 298.15 NaN 
R19 10.245 7.10 298.15 NaN 
R31 0.959 7.40 311.15 NaN 
R33 23.765 7.00 303.15 NaN 
R33 23.720 7.00 313.15 NaN 
R33 21.335 7.00 333.15 NaN 
R33 22.766 7.00 311.15 NaN 
R33 3.772 8.50 273.30 0.12 
R33 3.794 8.50 274.90 0.12 
R33 3.721 8.50 278.20 0.12 
R33 3.566 8.50 283.40 0.12 
R33 3.340 8.50 289.90 0.12 
R33 3.283 8.50 293.30 0.12 
R33 3.253 8.50 299.00 0.12 
R80 3.038 8.50 303.60 0.12 
R80 2.955 8.50 303.60 0.12 
R31 2.845 8.50 308.80 0.12 
R42 2.660 8.50 313.30 0.12 
R39 2.553 8.50 317.50 0.12 
R87 2.812 8.50 313.70 0.12 
R46 2.392 8.50 322.80 0.12 
R37 3.420 8.50 288.40 0.12 
R37 2.563 8.50 318.70 0.12 
R37 3.735 8.50 279.30 0.12 
R37 3.068 8.50 298.20 0.12 
R7 3.294 8.50 294.30 0.12 
R7 2.386 8.50 322.00 0.12 
R7 3.582 8.50 284.70 0.12 
R7 3.582 8.50 284.70 0.12 
R7 2.839 8.50 308.20 0.12 
R7 27.678 7.00 318.14 0.25 
R7 25.956 6.94 298.15 NaN 
R7 24.762 7.00 278.43 0.25 
R7 25.991 7.00 298.15 0.25 
R7 25.795 6.98 298.15 NaN 
R7 28.451 7.80 298.15 0.25 
R7 26.110 7.00 298.15 0.25 
R7 23.711 6.70 298.15 0.25 
R7 24.705 7.00 280.13 0.25 
R7 22.561 6.40 298.15 0.25 
R7 26.881 7.00 307.93 0.25 
R7 27.391 7.40 298.15 0.25 
R7 -7.020 7.00 298.15 NaN 
R7 0.997 7.00 311.15 0.25 
R7 4.184 7.50 303.15 NaN 
R7 3.788 7.00 310.15 NaN 
R7 -0.298 7.10 343.35 NaN 
R7 -0.290 7.10 343.35 NaN 
R55 -0.308 7.10 343.35 NaN 
R55 -0.282 7.10 343.35 NaN 
R55 -0.285 7.10 343.35 NaN 
R55 -0.295 7.10 343.35 NaN 
R55 -0.282 7.10 343.35 NaN 
R55 -0.000 6.50 333.15 NaN 
R55 -0.000 6.50 343.15 NaN 
R55 -2.832 7.40 310.15 NaN 