RID dG0'r pH T I var
R1 -7.449 7.3 310.15 NaN 1 
R2 -13.385 6.0 303.15 NaN 1 
R3 -12.987 8.9 298.15 NaN 1 
R4 -15.912 6.7 310.15 NaN 1 
R5 -12.623 6.8 303.15 NaN 1 
R6 18.266 7.0 273.15 NaN 1 
R7 2.879 8.0 293.40 NaN 1 
R8 3.033 7.5 303.15 NaN 1 
R9 10.628 7.0 311.15 0.25 1 
R10 -13.297 7.0 310.15 0.25 1 
R11 20.017 6.9 298.15 NaN 1 
R12 -7.992 7.0 311.15 0.25 1 
R13 13.177 7.2 298.15 NaN 1 
R14 4.188 6.0 313.15 NaN 1 
R15 -19.048 7.4 308.15 NaN 1 
R16 -1.515 5.9 310.15 NaN 1 
R17 6.772 7.3 298.15 NaN 1 
R18 -6.041 5.8 303.15 NaN 1 
R19 1.274 7.3 310.15 NaN 1 
R20 10.760 6.5 298.15 0.10 1 
R21 -2.594 7.0 284.15 NaN 1 
R22 15.304 7.7 303.15 NaN 1 
R23 -2.722 7.1 298.15 NaN 1 
R24 -4.521 8.2 298.15 NaN 1 
R25 -0.147 7.0 303.15 NaN 1 
R26 -2.551 7.4 298.15 NaN 1 
R27 -13.796 8.4 298.15 0.29 1 
R28 -11.499 6.8 311.15 0.25 1 
R29 -9.837 7.0 298.15 NaN 1 
R30 3.584 7.4 311.15 NaN 1 
R31 -8.191 6.5 310.15 NaN 1 
R32 -10.786 7.4 311.15 0.25 1 
R33 9.900 7.0 312.15 NaN 1 
R34 -12.938 8.0 303.15 NaN 1 
R35 -2.190 7.2 298.15 0.31 1 
R36 11.506 7.0 298.15 0.10 1 
R37 24.002 7.1 311.15 NaN 1 
R38 11.869 8.4 310.15 NaN 1 
R39 -12.948 7.0 310.15 NaN 1 
R40 -8.424 7.0 311.15 0.25 1 
R41 7.629 7.4 298.15 NaN 1 
R42 0.482 7.0 311.15 0.25 1 
R43 -12.115 7.0 310.15 0.25 1 
R44 4.907 8.4 298.15 0.10 1 
R45 -11.687 5.7 292.25 NaN 1 
R46 1.481 7.4 298.15 NaN 1 
R47 -4.657 7.4 298.15 NaN 1 
R48 -3.946 7.1 311.15 NaN 1 
R49 47.231 8.0 310.15 NaN 1 
R50 -19.653 7.4 311.15 0.25 1 
R51 -6.568 5.7 286.35 NaN 1 
R52 14.246 7.4 303.15 NaN 1 
R53 21.536 6.3 310.15 NaN 1 
R54 -16.712 5.5 298.15 NaN 1 
R55 19.424 8.0 288.15 NaN 1 
R56 7.125 7.0 310.15 NaN 1 
R57 3.146 8.0 310.15 NaN 1 
R58 9.350 7.8 305.00 NaN 1 
R59 3.641 7.0 298.15 NaN 1 
R60 22.279 8.0 287.45 NaN 1 
R61 -1.481 7.5 303.15 NaN 1 
R62 -8.081 7.2 310.15 NaN 1 
R63 -9.473 8.5 311.15 NaN 1 
R64 -7.016 7.5 303.15 NaN 1 
R65 11.913 7.3 302.15 NaN 1 
R66 -14.696 7.0 311.15 0.25 1 
R67 7.294 6.3 310.15 NaN 1 
R68 -20.420 7.2 310.15 NaN 1 
R69 2.149 7.4 320.25 NaN 1 
R70 -22.368 6.5 298.15 NaN 1 
R71 -14.631 6.0 308.15 NaN 1 
R72 3.298 7.6 303.15 NaN 1 
R73 36.091 7.5 303.15 NaN 1 
R74 -25.990 7.0 295.15 NaN 1 
R75 -10.611 6.5 323.15 NaN 1 
R76 3.788 7.0 310.15 NaN 1 
R77 -13.781 5.0 313.00 NaN 1 
R78 12.676 8.0 298.15 NaN 1 
R79 -11.547 8.5 311.15 NaN 1 
R80 -9.944 7.7 311.15 0.25 1 
R81 4.848 7.4 328.15 NaN 1 
R82 -10.375 7.6 310.15 NaN 1 
R83 -12.019 7.5 310.15 NaN 1 
R84 3.751 7.2 298.15 NaN 1 
R85 2.032 7.2 333.15 NaN 1 
R86 -7.874 7.0 298.15 NaN 1 
R87 10.245 7.1 298.15 NaN 1 